CRPs: 1000
[0.49       0.46555556 0.49       0.49       0.49888889 0.49555556
 0.49444444 0.52555556 0.50333333 0.48444444 0.50111111 0.51666667
 0.49555556 0.47444444 0.50222222 0.51777778 0.49333333 0.48333333
 0.48777778 0.50777778]
CPUF Median: 0.495
CPUF Mean: 0.4958888888888889
Success Rate: 0.0
CRPs: 11000
[0.49363636 0.49575758 0.50484848 0.49151515 0.50434343 0.49656566
 0.50030303 0.50565657 0.50121212 0.50565657 0.50050505 0.49636364
 0.50050505 0.50171717 0.50333333 0.50666667 0.50222222 0.49676768
 0.48838384 0.50626263]
CPUF Median: 0.5008585858585859
CPUF Mean: 0.5001111111111112
Success Rate: 0.0
CRPs: 21000
[0.5042 0.507  0.5004 0.496  0.5396 0.502  0.4952 0.5311 0.5029 0.4987
 0.5023 0.4965 0.4996 0.5035 0.9697 0.5009 0.5041 0.4962 0.5396 0.4991]
CPUF Median: 0.50215
CPUF Mean: 0.52943
Success Rate: 0.0
CRPs: 31000
[0.9804 0.4996 0.497  0.9774 0.9836 0.5017 0.4966 0.9751 0.4954 0.5031
 0.5049 0.9844 0.9785 0.5017 0.5075 0.5081 0.5373 0.9823 0.4992 0.506 ]
CPUF Median: 0.50675
CPUF Mean: 0.67099
Success Rate: 0.35
CRPs: 41000
[0.9861 0.9848 0.984  0.9866 0.497  0.9836 0.9821 0.9808 0.9787 0.509
 0.5117 0.4958 0.9835 0.9811 0.9844 0.9844 0.9808 0.9848 0.9787 0.9838]
CPUF Median: 0.9828
CPUF Mean: 0.8870850000000001
Success Rate: 0.8
CRPs: 51000
[0.9766 0.9894 0.9849 0.9844 0.9847 0.5145 0.9826 0.5035 0.9866 0.5132
 0.9855 0.4986 0.9837 0.9823 0.9883 0.9887 0.989  0.9803 0.9861 0.9878]
CPUF Median: 0.98455
CPUF Mean: 0.8895350000000001
Success Rate: 0.8
CRPs: 61000
[0.9904 0.9895 0.9882 0.4997 0.9872 0.9822 0.9864 0.9893 0.9856 0.9886
 0.9864 0.9798 0.9861 0.4951 0.9871 0.5021 0.9874 0.9852 0.9811 0.9845]
CPUF Median: 0.9862500000000001
CPUF Mean: 0.913095
Success Rate: 0.85
CRPs:71000
[0.9807 0.9827 0.9881 0.9889 0.989  0.9903 0.9839 0.9895 0.9881 0.9884
 0.9854 0.9906 0.9848 0.9886 0.9905 0.9896 0.9832 0.9877 0.9865 0.98  ]
CPUF Median: 0.9881
CPUF Mean: 0.986825
Success Rate: 1.0
CRPs:81000
[0.9843 0.9874 0.9896 0.9898 0.9911 0.988  0.9889 0.9899 0.9851 0.9864
 0.9835 0.99   0.9884 0.9888 0.9887 0.9913 0.9862 0.9886 0.985  0.9901]
CPUF Median: 0.98865
CPUF Mean: 0.9880549999999999
Success Rate: 1.0
CRPs:91000
[0.987  0.9828 0.9943 0.9868 0.9889 0.985  0.9859 0.9874 0.9889 0.9846
 0.9899 0.9862 0.9904 0.9847 0.9893 0.9883 0.9872 0.9877 0.9851 0.989 ]
CPUF Median: 0.9873000000000001
CPUF Mean: 0.9874700000000001
Success Rate: 1.0
CRPs:101000
[0.9863 0.9904 0.987  0.9927 0.9862 0.9857 0.9883 0.987  0.9883 0.9931
 0.9885 0.4957 0.9915 0.9904 0.9897 0.9829 0.9874 0.992  0.986  0.9899]
CPUF Median: 0.9883
CPUF Mean: 0.96395
Success Rate: 0.95
CRPs: 111000
[0.9894 0.9884 0.9916 0.9863 0.9869 0.9902 0.9846 0.9857 0.9822 0.9862
 0.9812 0.9882 0.9901 0.9925 0.9849 0.9898 0.9919 0.9846 0.986  0.9876]
CPUF Median: 0.98725
CPUF Mean: 0.987415
Success Rate: 1.0
CRPs: 121000
[0.9906 0.9885 0.9878 0.9863 0.989  0.986  0.9878 0.9884 0.9861 0.9902
 0.9891 0.9888 0.991  0.985  0.9906 0.9854 0.9745 0.9912 0.9879 0.9909]
CPUF Median: 0.98845
CPUF Mean: 0.9877549999999999
Success Rate: 1.0
CRPs: 131000
[0.9878 0.9888 0.989  0.9867 0.9892 0.9867 0.9901 0.9872 0.9929 0.9881
 0.9813 0.9872 0.9853 0.9891 0.9891 0.9901 0.9863 0.9897 0.9899 0.9875]
CPUF Median: 0.98845
CPUF Mean: 0.9880999999999999
Success Rate: 1.0
CRPs: 141000
[0.9871 0.9891 0.9887 0.9927 0.9898 0.9898 0.9883 0.9903 0.9871 0.9866
 0.99   0.9927 0.9868 0.9903 0.9867 0.9887 0.9856 0.9928 0.9908 0.9933]
CPUF Median: 0.9894499999999999
CPUF Mean: 0.9893600000000001
Success Rate: 0.95
CRPs: 151000
[0.9865 0.9887 0.9906 0.9877 0.9905 0.9884 0.9862 0.9875 0.9902 0.99
 0.9898 0.9914 0.9869 0.9894 0.9894 0.9851 0.99   0.9894 0.9865 0.9905]
CPUF Median: 0.9894
CPUF Mean: 0.9887349999999999
Success Rate: 1.0
CRPs: 161000
[0.9909 0.9851 0.9904 0.9893 0.9886 0.9892 0.9912 0.9895 0.9934 0.9912
 0.9907 0.9864 0.984  0.9879 0.9895 0.9878 0.9879 0.9894 0.9901 0.9891]
CPUF Median: 0.98935
CPUF Mean: 0.9890800000000002
Success Rate: 1.0
CRPs: 171000
[0.9928 0.9926 0.991  0.9876 0.9906 0.9903 0.9867 0.9883 0.991  0.986
 0.9889 0.9887 0.9864 0.9898 0.9881 0.9912 0.987  0.9908 0.9867 0.9906]
CPUF Median: 0.98935
CPUF Mean: 0.989255
Success Rate: 1.0
CRPs: 181000
[0.9886 0.9911 0.9889 0.9897 0.9896 0.9889 0.9866 0.9891 0.9879 0.9896
 0.9884 0.9854 0.9892 0.9904 0.9898 0.9856 0.9875 0.9896 0.9924 0.9878]
CPUF Median: 0.989
CPUF Mean: 0.9888049999999999
Success Rate: 1.0
CRPs: 191000
[0.9904 0.9868 0.989  0.9863 0.9901 0.9869 0.9888 0.9893 0.9906 0.9904
 0.9877 0.9876 0.9898 0.9877 0.9914 0.989  0.989  0.9871 0.9928 0.9867]
CPUF Median: 0.989
CPUF Mean: 0.98887
Success Rate: 1.0
