CRPs: 1000
[0.52888889 0.50555556 0.49       0.51777778 0.48       0.49333333
 0.50444444 0.48888889 0.52333333 0.48888889 0.46888889 0.49
 0.49333333 0.51222222 0.50222222 0.50333333 0.51222222 0.51333333
 0.47888889 0.48555556]
CPUF Median: 0.49777777777777776
CPUF Mean: 0.4990555555555556
Success Rate: 0.0
CRPs: 41000
[0.5071 0.4992 0.5009 0.5127 0.5029 0.5028 0.5022 0.505  0.4983 0.5015
 0.5094 0.5064 0.496  0.4984 0.4968 0.5047 0.4978 0.4997 0.4934 0.506 ]
CPUF Median: 0.5018499999999999
CPUF Mean: 0.50206
Success Rate: 0.0
CRPs: 81000
[0.4944 0.4962 0.9681 0.4984 0.5088 0.5033 0.5086 0.5049 0.5011 0.496
 0.4885 0.4975 0.4957 0.4959 0.5039 0.5099 0.9658 0.5507 0.5088 0.5014]
CPUF Median: 0.50235
CPUF Mean: 0.549895
Success Rate: 0.1
CRPs: 121000
[0.9617 0.9673 0.5116 0.4896 0.9601 0.9672 0.9645 0.9559 0.9588 0.4954
 0.5167 0.9683 0.499  0.5025 0.5095 0.4991 0.5004 0.9672 0.5015 0.4973]
CPUF Median: 0.5141500000000001
CPUF Mean: 0.7096799999999999
Success Rate: 0.45
CRPs: 161000
[0.9634 0.9703 0.9617 0.9607 0.9699 0.9512 0.9585 0.4978 0.9535 0.9651
 0.9639 0.9691 0.5023 0.9672 0.962  0.497  0.4957 0.9686 0.9668 0.9722]
CPUF Median: 0.9627
CPUF Mean: 0.8708450000000001
Success Rate: 0.8
CRPs: 201000
[0.9612 0.9644 0.9616 0.967  0.9597 0.9667 0.9618 0.9589 0.9674 0.955
 0.9501 0.9698 0.9686 0.9691 0.9728 0.9669 0.9685 0.9647 0.9584 0.9662]
CPUF Median: 0.9654499999999999
CPUF Mean: 0.96394
Success Rate: 1.0
CRPs: 241000
[0.9684 0.9702 0.952  0.9738 0.9743 0.956  0.9571 0.9762 0.9687 0.9611
 0.9648 0.9563 0.9502 0.9603 0.9568 0.9672 0.9713 0.9522 0.9687 0.9706]
CPUF Median: 0.966
CPUF Mean: 0.96381
Success Rate: 1.0
CRPs: 281000
[0.982  0.9852 0.9846 0.9895 0.4988 0.9861 0.9826 0.9863 0.9883 0.9835
 0.9851 0.9878 0.9825 0.9886 0.9861 0.985  0.983  0.9862 0.9849 0.9842]
CPUF Median: 0.98505
CPUF Mean: 0.9610150000000001
Success Rate: 0.95
CRPs: 321000
[0.9844 0.985  0.9827 0.9877 0.988  0.9826 0.9818 0.9832 0.9866 0.9844
 0.9877 0.9818 0.9836 0.9846 0.9891 0.9872 0.9858 0.9874 0.9864 0.9841]
CPUF Median: 0.9848
CPUF Mean: 0.9852050000000002
Success Rate: 1.0
CRPs: 361000
[0.989  0.9863 0.9865 0.9844 0.9813 0.9846 0.986  0.9852 0.9826 0.9859
 0.9837 0.9876 0.985  0.9857 0.9832 0.9878 0.9829 0.9871 0.9886 0.9836]
CPUF Median: 0.9854499999999999
CPUF Mean: 0.9853500000000002
Success Rate: 1.0
CRPs: 401000
[0.9847 0.9872 0.9835 0.9837 0.989  0.9835 0.9896 0.985  0.9859 0.9835
 0.9878 0.979  0.9867 0.9829 0.9862 0.9863 0.9857 0.9879 0.9877 0.9845]
CPUF Median: 0.9858
CPUF Mean: 0.985515
Success Rate: 1.0
CRPs: 441000
[0.9856 0.9835 0.9872 0.9835 0.9848 0.9874 0.9855 0.9867 0.9856 0.9871
 0.9894 0.9851 0.9828 0.987  0.9846 0.9845 0.9863 0.9824 0.9877 0.9886]
CPUF Median: 0.9856
CPUF Mean: 0.985765
Success Rate: 1.0
CRPs: 481000
[0.9855 0.9894 0.9856 0.9842 0.9821 0.9853 0.9839 0.9855 0.9876 0.9852
 0.9869 0.9871 0.9856 0.9822 0.9824 0.9821 0.9842 0.9849 0.9856 0.9833]
CPUF Median: 0.98525
CPUF Mean: 0.9849300000000001
Success Rate: 1.0
CRPs: 521000
[0.9866 0.9873 0.9868 0.9894 0.9887 0.9848 0.9857 0.9851 0.9856 0.9875
 0.9866 0.9861 0.9827 0.9819 0.9862 0.9883 0.9861 0.9863 0.9831 0.9884]
CPUF Median: 0.98625
CPUF Mean: 0.9861599999999999
Success Rate: 1.0
CRPs: 561000
[0.9825 0.984  0.9835 0.9847 0.9878 0.9854 0.9861 0.9846 0.9836 0.9839
 0.9841 0.9848 0.9869 0.9834 0.9876 0.9846 0.9865 0.984  0.9846 0.9884]
CPUF Median: 0.9846
CPUF Mean: 0.98505
Success Rate: 1.0
CRPs: 601000
[0.9869 0.9866 0.9837 0.9849 0.9869 0.984  0.9865 0.9869 0.9847 0.9883
 0.9868 0.9835 0.9824 0.9858 0.9849 0.9881 0.9858 0.9829 0.9839 0.9851]
CPUF Median: 0.9854499999999999
CPUF Mean: 0.98543
Success Rate: 1.0
CRPs: 641000
[0.9874 0.9853 0.9892 0.9847 0.9866 0.9864 0.9884 0.9867 0.984  0.9878
 0.9884 0.9844 0.9856 0.983  0.9873 0.9866 0.9844 0.9868 0.9816 0.9863]
CPUF Median: 0.9865
CPUF Mean: 0.9860450000000001
Success Rate: 1.0
CRPs: 681000
[0.9868 0.9845 0.9866 0.9889 0.9852 0.9842 0.9865 0.9867 0.9844 0.9821
 0.9837 0.9875 0.9823 0.9876 0.9878 0.9875 0.9866 0.9847 0.9862 0.9875]
CPUF Median: 0.98655
CPUF Mean: 0.9858650000000001
Success Rate: 1.0
CRPs: 721000
[0.9833 0.988  0.9831 0.9854 0.9873 0.985  0.9875 0.9824 0.9889 0.9874
 0.9826 0.9849 0.9869 0.9834 0.9849 0.9881 0.9834 0.9858 0.9868 0.9852]
CPUF Median: 0.9853000000000001
CPUF Mean: 0.9855149999999998
Success Rate: 1.0
CRPs: 761000
[0.9854 0.9842 0.986  0.9888 0.985  0.9865 0.9842 0.9827 0.9871 0.9857
 0.9857 0.9869 0.9851 0.9874 0.9875 0.9861 0.9886 0.9844 0.9854 0.987 ]
CPUF Median: 0.98585
CPUF Mean: 0.985985
Success Rate: 1.0
