CRPs: 1000
[0.51       0.47444444 0.51       0.46888889 0.47888889 0.51777778
 0.52       0.50777778 0.49       0.49       0.49777778 0.45888889
 0.52222222 0.48888889 0.49111111 0.48777778 0.52222222 0.52111111
 0.48888889 0.50555556]
HPUF Median: 0.49444444444444446
HPUF Mean: 0.4976111111111111
Success Rate: 0.0
CRPs: 11000
[0.49171717 0.50535354 0.50080808 0.49575758 0.50131313 0.49676768
 0.50545455 0.49434343 0.50151515 0.50868687 0.49474747 0.50212121
 0.49707071 0.50373737 0.50060606 0.49737374 0.50646465 0.49636364
 0.50929293 0.49808081]
HPUF Median: 0.5007070707070707
HPUF Mean: 0.5003787878787878
Success Rate: 0.0
CRPs: 21000
[0.4987 0.5026 0.5022 0.4915 0.5808 0.5176 0.5033 0.504  0.5071 0.9718
 0.5078 0.4969 0.5009 0.5012 0.4995 0.503  0.5484 0.51   0.505  0.4972]
HPUF Median: 0.50315
HPUF Mean: 0.532475
Success Rate: 0.05
CRPs: 31000
[0.4978 0.5048 0.9615 0.9619 0.5042 0.9704 0.9816 0.9773 0.5142 0.9731
 0.9645 0.9789 0.4937 0.5002 0.5247 0.9668 0.9812 0.5048 0.4965 0.659 ]
HPUF Median: 0.81025
HPUF Mean: 0.7458549999999999
Success Rate: 0.5
CRPs: 41000
[0.9787 0.494  0.963  0.9662 0.9639 0.5063 0.9735 0.9838 0.9676 0.4883
 0.9833 0.9648 0.4996 0.5036 0.9733 0.9504 0.9824 0.9746 0.984  0.9817]
HPUF Median: 0.9669
HPUF Mean: 0.8541500000000001
Success Rate: 0.75
CRPs: 51000
[0.9751 0.9846 0.9873 0.982  0.9858 0.9803 0.9761 0.9857 0.9714 0.9829
 0.9852 0.5027 0.9857 0.9834 0.9835 0.9845 0.9859 0.9735 0.9812 0.9826]
HPUF Median: 0.98315
HPUF Mean: 0.9579700000000002
Success Rate: 0.95
CRPs: 61000
[0.9829 0.4973 0.9792 0.9742 0.9738 0.9846 0.9861 0.9764 0.9836 0.989
 0.9817 0.9752 0.9734 0.9851 0.9885 0.9802 0.9789 0.9751 0.9871 0.9775]
HPUF Median: 0.9797
HPUF Mean: 0.9564900000000002
Success Rate: 0.95
CRPs: 71000
[0.9686 0.986  0.9742 0.9752 0.9811 0.9767 0.9818 0.9783 0.9712 0.9831
 0.9792 0.9775 0.9771 0.9708 0.9688 0.9702 0.9715 0.9767 0.9826 0.9782]
HPUF Median: 0.9769
HPUF Mean: 0.9764400000000002
Success Rate: 1.0
CRPs: 81000
[0.9863 0.9901 0.9811 0.9789 0.9757 0.9695 0.9798 0.9781 0.9736 0.9842
 0.9838 0.9749 0.9824 0.9648 0.9822 0.9846 0.9805 0.9777 0.9765 0.9819]
HPUF Median: 0.9801500000000001
HPUF Mean: 0.97933
Success Rate: 1.0
CRPs: 91000
[0.9715 0.9782 0.9776 0.9914 0.9769 0.9831 0.9714 0.9763 0.9803 0.9818
 0.9808 0.9667 0.9811 0.9853 0.9808 0.9819 0.9896 0.9739 0.984  0.9747]
HPUF Median: 0.98055
HPUF Mean: 0.9793649999999999
Success Rate: 1.0
CRPs: 101000
[0.9796 0.9802 0.9853 0.9814 0.9844 0.9723 0.984  0.9762 0.9763 0.9814
 0.9864 0.9759 0.9792 0.9846 0.9904 0.9863 0.9778 0.9841 0.976  0.9697]
HPUF Median: 0.9808
HPUF Mean: 0.980575
Success Rate: 1.0
CRPs: 111000
[0.9835 0.9773 0.9805 0.98   0.9806 0.9832 0.984  0.9761 0.9681 0.972
 0.9772 0.9807 0.9755 0.9818 0.9831 0.9694 0.9738 0.976  0.9819 0.9708]
HPUF Median: 0.97865
HPUF Mean: 0.977775
Success Rate: 1.0
CRPs: 121000
[0.9825 0.9805 0.9734 0.9858 0.987  0.9852 0.9756 0.98   0.9711 0.9819
 0.9849 0.9891 0.9728 0.9817 0.9817 0.9755 0.9879 0.9856 0.9787 0.9796]
HPUF Median: 0.9817
HPUF Mean: 0.9810250000000001
Success Rate: 1.0
CRPs: 131000
[0.9814 0.9824 0.9833 0.972  0.9729 0.9867 0.9789 0.9769 0.9754 0.9793
 0.9698 0.9817 0.9745 0.9895 0.9825 0.9707 0.98   0.9889 0.9701 0.9824]
HPUF Median: 0.9796499999999999
HPUF Mean: 0.9789649999999999
Success Rate: 1.0
CRPs: 141000
[0.9767 0.9756 0.971  0.9767 0.9868 0.9861 0.9792 0.9788 0.9766 0.9787
 0.9744 0.9816 0.9794 0.9873 0.9831 0.978  0.9703 0.9804 0.9724 0.985 ]
HPUF Median: 0.97875
HPUF Mean: 0.9789049999999999
Success Rate: 1.0
CRPs: 151000
[0.9748 0.9779 0.9793 0.9758 0.9804 0.9837 0.9829 0.9804 0.9815 0.9787
 0.9819 0.9762 0.9752 0.981  0.9795 0.9771 0.9752 0.984  0.9825 0.9816]
HPUF Median: 0.9799500000000001
HPUF Mean: 0.9794800000000002
Success Rate: 1.0
CRPs: 161000
[0.9793 0.984  0.9861 0.9798 0.9811 0.9761 0.9742 0.9795 0.9684 0.9752
 0.9802 0.9829 0.9826 0.9808 0.9791 0.9755 0.9773 0.9804 0.9694 0.9735]
HPUF Median: 0.9794
HPUF Mean: 0.9782700000000002
Success Rate: 1.0
CRPs: 171000
[0.9792 0.9795 0.9872 0.9798 0.9662 0.9829 0.9859 0.9853 0.9785 0.986
 0.9837 0.9826 0.9809 0.9831 0.98   0.9695 0.9733 0.9828 0.974  0.9823]
HPUF Median: 0.9816
HPUF Mean: 0.9801350000000001
Success Rate: 1.0
CRPs: 181000
[0.9839 0.9717 0.9829 0.9817 0.9699 0.9857 0.9777 0.9833 0.98   0.9895
 0.9685 0.985  0.987  0.9764 0.9778 0.9802 0.9785 0.9869 0.9877 0.9802]
HPUF Median: 0.98095
HPUF Mean: 0.9807249999999998
Success Rate: 1.0
CRPs: 191000
[0.982  0.9818 0.9858 0.985  0.9821 0.9783 0.9765 0.9827 0.9813 0.9798
 0.9877 0.9803 0.9797 0.984  0.9887 0.9811 0.9804 0.9771 0.9831 0.9852]
HPUF Median: 0.9819
HPUF Mean: 0.98213
Success Rate: 1.0
Adaptive Query: 2.279
