CRPs: 1000
[0.48555556 0.51444444 0.49777778 0.51444444 0.49333333 0.50111111
 0.51555556 0.50444444 0.48555556 0.50666667 0.49333333 0.51444444
 0.49888889 0.51111111 0.50777778 0.54111111 0.52111111 0.50888889
 0.54       0.50222222]
HPUF Median: 0.5072222222222222
HPUF Mean: 0.5078888888888888
Success Rate: 0.0
CRPs: 41000
[0.4973 0.5088 0.4988 0.5046 0.5071 0.4956 0.5041 0.4999 0.5077 0.4999
 0.4984 0.5025 0.4951 0.4907 0.5015 0.5019 0.4979 0.5021 0.5002 0.5095]
HPUF Median: 0.50085
HPUF Mean: 0.50118
Success Rate: 0.0
CRPs: 81000
[0.4951 0.4994 0.969  0.973  0.5043 0.974  0.4924 0.4968 0.5019 0.5045
 0.5077 0.5065 0.5003 0.4941 0.5023 0.4963 0.5034 0.5054 0.4988 0.495 ]
HPUF Median: 0.5021
HPUF Mean: 0.5710099999999999
Success Rate: 0.15
CRPs: 121000
[0.9704 0.9756 0.977  0.4919 0.5045 0.9731 0.9741 0.9717 0.5059 0.5029
 0.5012 0.969  0.5075 0.9676 0.9773 0.9759 0.5035 0.5043 0.5041 0.958 ]
HPUF Median: 0.9628
HPUF Mean: 0.760775
Success Rate: 0.55
CRPs: 161000
[0.9679 0.9771 0.9751 0.9666 0.9741 0.98   0.4979 0.9632 0.9753 0.4924
 0.9768 0.9871 0.9765 0.9677 0.9835 0.5037 0.9725 0.972  0.972  0.9787]
HPUF Median: 0.9733
HPUF Mean: 0.9030050000000001
Success Rate: 0.85
CRPs: 201000
[0.9758 0.9707 0.9783 0.9735 0.9744 0.976  0.9745 0.9722 0.9758 0.9707
 0.981  0.9739 0.9708 0.9729 0.9766 0.9751 0.9751 0.9697 0.9749 0.973 ]
HPUF Median: 0.97445
HPUF Mean: 0.974245
Success Rate: 1.0
CRPs: 241000
[0.9789 0.97   0.9765 0.9782 0.975  0.9746 0.4954 0.973  0.9881 0.9806
 0.9817 0.979  0.9767 0.9719 0.9809 0.9735 0.9753 0.981  0.9709 0.9802]
HPUF Median: 0.9766
HPUF Mean: 0.9530700000000001
Success Rate: 0.95
CRPs: 281000
[0.9767 0.9819 0.9792 0.9722 0.9726 0.9711 0.9785 0.9728 0.9787 0.9825
 0.9795 0.9756 0.9763 0.9802 0.9703 0.9754 0.979  0.9688 0.9794 0.9788]
HPUF Median: 0.9776
HPUF Mean: 0.976475
Success Rate: 1.0
CRPs: 321000
[0.979  0.9779 0.9801 0.9736 0.9789 0.9736 0.9713 0.9762 0.9794 0.9766
 0.9713 0.9721 0.9776 0.9753 0.9719 0.9643 0.9699 0.9785 0.9763 0.9778]
HPUF Median: 0.97625
HPUF Mean: 0.9750799999999998
Success Rate: 1.0
CRPs: 361000
[0.979  0.9782 0.981  0.9761 0.9763 0.9776 0.9774 0.9777 0.9753 0.9812
 0.9786 0.9752 0.4981 0.9764 0.9741 0.9753 0.9777 0.9777 0.9786 0.9772]
HPUF Median: 0.9775
HPUF Mean: 0.9534349999999998
Success Rate: 0.95
CRPs: 401000
[0.9794 0.9799 0.9762 0.9798 0.9644 0.9828 0.9821 0.9776 0.979  0.9757
 0.9781 0.9804 0.9795 0.9798 0.9786 0.9765 0.9737 0.9757 0.9803 0.9798]
HPUF Median: 0.9792000000000001
HPUF Mean: 0.977965
Success Rate: 1.0
CRPs: 441000
[0.9825 0.9769 0.9819 0.9768 0.9777 0.9722 0.9808 0.9806 0.9786 0.9777
 0.9749 0.9787 0.9784 0.9791 0.9724 0.9734 0.9797 0.9732 0.9781 0.979 ]
HPUF Median: 0.9782500000000001
HPUF Mean: 0.9776300000000001
Success Rate: 1.0
CRPs: 481000
[0.9821 0.982  0.9764 0.9761 0.9804 0.9689 0.9813 0.9757 0.9817 0.9779
 0.9797 0.9803 0.9787 0.9836 0.9857 0.9736 0.9811 0.9802 0.9787 0.9789]
HPUF Median: 0.97995
HPUF Mean: 0.97915
Success Rate: 1.0
CRPs: 521000
[0.9843 0.9817 0.9695 0.9817 0.9793 0.9822 0.9774 0.9784 0.9718 0.9824
 0.975  0.9785 0.9776 0.9774 0.9731 0.9777 0.9752 0.9791 0.9825 0.9766]
HPUF Median: 0.9780500000000001
HPUF Mean: 0.9780700000000001
Success Rate: 1.0
CRPs: 561000
[0.9768 0.9766 0.9786 0.9806 0.981  0.9715 0.9783 0.9774 0.9758 0.9757
 0.976  0.9803 0.9815 0.9785 0.9784 0.9772 0.9794 0.9833 0.9778 0.9827]
HPUF Median: 0.97835
HPUF Mean: 0.9783700000000002
Success Rate: 1.0
CRPs: 601000
[0.9707 0.9835 0.9794 0.9765 0.9819 0.98   0.9792 0.9788 0.9791 0.9806
 0.977  0.9758 0.9776 0.974  0.9792 0.965  0.9812 0.9835 0.969  0.9746]
HPUF Median: 0.97895
HPUF Mean: 0.9773299999999999
Success Rate: 1.0
CRPs: 641000
[0.9777 0.9738 0.9784 0.9826 0.9733 0.9786 0.9735 0.9831 0.9838 0.9805
 0.9797 0.9838 0.9731 0.9721 0.9762 0.9787 0.9809 0.98   0.9819 0.9785]
HPUF Median: 0.97865
HPUF Mean: 0.97851
Success Rate: 1.0
CRPs: 681000
[0.9645 0.9806 0.9824 0.9821 0.9822 0.9795 0.9827 0.9835 0.979  0.9784
 0.9766 0.979  0.9815 0.9719 0.9775 0.9701 0.9805 0.9765 0.9836 0.9794]
HPUF Median: 0.97945
HPUF Mean: 0.978575
Success Rate: 1.0
CRPs: 721000
[0.9746 0.9834 0.9767 0.9809 0.9814 0.9796 0.9745 0.978  0.9813 0.9723
 0.9758 0.9786 0.9823 0.981  0.9796 0.9818 0.9719 0.9791 0.9818 0.9746]
HPUF Median: 0.9793499999999999
HPUF Mean: 0.9784599999999999
Success Rate: 1.0
CRPs: 761000
[0.978  0.9844 0.9811 0.9787 0.9811 0.9844 0.9746 0.9774 0.9836 0.9803
 0.9788 0.9811 0.9832 0.9783 0.9788 0.983  0.9835 0.983  0.982  0.979 ]
HPUF Median: 0.9811
HPUF Mean: 0.980715
Success Rate: 1.0
Adaptive Query: 2.304
