CRPs: 1000
[0.49333333 0.47       0.48666667 0.50555556 0.51666667 0.50222222
 0.51111111 0.50555556 0.49888889 0.50222222 0.50222222 0.51777778
 0.49       0.49222222 0.48666667 0.52111111 0.51666667 0.5
 0.54       0.47111111]
HPUF Median: 0.5022222222222222
HPUF Mean: 0.5015000000000002
Success Rate: 0.0
CRPs: 11000
[0.50030303 0.49424242 0.50626263 0.50323232 0.51050505 0.50636364
 0.5079798  0.49777778 0.5        0.49454545 0.5059596  0.49373737
 0.49555556 0.49656566 0.50959596 0.49878788 0.50242424 0.50555556
 0.4989899  0.50707071]
HPUF Median: 0.5013636363636363
HPUF Mean: 0.5017727272727271
Success Rate: 0.0
CRPs: 21000
[0.4997 0.5048 0.4923 0.5012 0.4958 0.494  0.4953 0.4956 0.4979 0.4907
 0.501  0.4897 0.5052 0.4944 0.4988 0.5004 0.4955 0.4881 0.5023 0.4978]
HPUF Median: 0.4968
HPUF Mean: 0.49702499999999994
Success Rate: 0.0
CRPs: 31000
[0.5013 0.4989 0.5009 0.4992 0.4846 0.5898 0.5049 0.9593 0.5033 0.5358
 0.4948 0.5003 0.5001 0.4997 0.5194 0.9504 0.4982 0.9614 0.501  0.9561]
HPUF Median: 0.50115
HPUF Mean: 0.5979699999999999
Success Rate: 0.2
CRPs: 41000
[0.5182 0.5053 0.4974 0.5006 0.5033 0.9641 0.5031 0.5012 0.5045 0.5054
 0.5024 0.5021 0.9703 0.4994 0.4991 0.5035 0.9636 0.9672 0.4996 0.4981]
HPUF Median: 0.5032
HPUF Mean: 0.5954200000000001
Success Rate: 0.2
CRPs: 51000
[0.9705 0.5039 0.9723 0.518  0.9765 0.4997 0.976  0.4989 0.4948 0.9755
 0.9753 0.5059 0.5085 0.5027 0.555  0.9643 0.9062 0.504  0.5042 0.5   ]
HPUF Median: 0.51325
HPUF Mean: 0.6906100000000001
Success Rate: 0.35
CRPs: 61000
[0.9821 0.979  0.4966 0.9748 0.5036 0.9739 0.4946 0.5051 0.4957 0.9757
 0.9756 0.9768 0.9794 0.9761 0.9797 0.9797 0.4976 0.4989 0.974  0.5018]
HPUF Median: 0.9743999999999999
HPUF Mean: 0.786035
Success Rate: 0.6
CRPs: 71000
[0.9784 0.9833 0.9804 0.5438 0.9765 0.5052 0.9794 0.9796 0.9795 0.982
 0.4942 0.4906 0.9825 0.5032 0.9764 0.9822 0.9768 0.9801 0.9783 0.9811]
HPUF Median: 0.9789000000000001
HPUF Mean: 0.8616750000000002
Success Rate: 0.75
CRPs: 81000
[0.983  0.982  0.5041 0.9848 0.9655 0.9799 0.505  0.9836 0.9813 0.985
 0.9703 0.9844 0.9797 0.9757 0.9836 0.9756 0.9827 0.6512 0.9817 0.4985]
HPUF Median: 0.9805999999999999
HPUF Mean: 0.8918800000000001
Success Rate: 0.8
CRPs: 91000
[0.9862 0.9835 0.9851 0.985  0.9842 0.9843 0.9826 0.9849 0.983  0.983
 0.9591 0.9842 0.9809 0.9837 0.9843 0.9806 0.983  0.9822 0.9844 0.9842]
HPUF Median: 0.98395
HPUF Mean: 0.9824200000000001
Success Rate: 1.0
CRPs: 101000
[0.9862 0.9868 0.9841 0.9836 0.9836 0.9767 0.9859 0.9813 0.9845 0.9845
 0.9843 0.9857 0.9858 0.9853 0.9848 0.9869 0.9835 0.9843 0.9845 0.986 ]
HPUF Median: 0.9845
HPUF Mean: 0.984415
Success Rate: 1.0
CRPs: 111000
[0.9856 0.9891 0.9845 0.9868 0.9817 0.9846 0.9848 0.9853 0.4982 0.9829
 0.9853 0.4951 0.9869 0.9887 0.9859 0.9837 0.986  0.9873 0.984  0.9844]
HPUF Median: 0.98505
HPUF Mean: 0.9365400000000002
Success Rate: 0.9
CRPs: 121000
[0.988  0.9866 0.9889 0.9868 0.9889 0.9878 0.9855 0.9872 0.9874 0.987
 0.9835 0.9847 0.9871 0.987  0.9882 0.9869 0.9865 0.9879 0.9859 0.9878]
HPUF Median: 0.98705
HPUF Mean: 0.98698
Success Rate: 1.0
CRPs: 131000
[0.9879 0.9875 0.9891 0.9873 0.9866 0.9891 0.9866 0.9879 0.9882 0.9892
 0.9874 0.9829 0.9865 0.9876 0.9879 0.9899 0.986  0.9864 0.986  0.9872]
HPUF Median: 0.98745
HPUF Mean: 0.9873600000000001
Success Rate: 1.0
CRPs: 141000
[0.9871 0.9864 0.9862 0.9884 0.9896 0.9899 0.9869 0.9885 0.9891 0.9883
 0.9881 0.9866 0.9856 0.987  0.9886 0.9875 0.9884 0.9868 0.9852 0.991 ]
HPUF Median: 0.9878
HPUF Mean: 0.98776
Success Rate: 1.0
CRPs: 151000
[0.9875 0.9898 0.9883 0.9865 0.989  0.9873 0.9888 0.9893 0.9869 0.9885
 0.9872 0.9872 0.9863 0.9863 0.9881 0.9889 0.9888 0.9879 0.9874 0.99  ]
HPUF Median: 0.988
HPUF Mean: 0.9879999999999999
Success Rate: 1.0
CRPs: 161000
[0.9896 0.9889 0.9886 0.9897 0.9885 0.9867 0.9893 0.9882 0.9885 0.9893
 0.9896 0.9887 0.9904 0.9887 0.9888 0.9893 0.9901 0.9891 0.989  0.9878]
HPUF Median: 0.98895
HPUF Mean: 0.98894
Success Rate: 1.0
CRPs: 171000
[0.9905 0.9903 0.9904 0.9886 0.9889 0.9898 0.9897 0.9878 0.9889 0.9901
 0.9889 0.991  0.9883 0.9895 0.9889 0.9884 0.9906 0.9893 0.9898 0.9879]
HPUF Median: 0.9894000000000001
HPUF Mean: 0.9893799999999999
Success Rate: 1.0
CRPs: 181000
[0.9903 0.9887 0.9877 0.992  0.9898 0.99   0.9881 0.9885 0.9895 0.9909
 0.99   0.9895 0.9894 0.9901 0.9911 0.99   0.9912 0.9894 0.9872 0.9919]
HPUF Median: 0.9899
HPUF Mean: 0.989765
Success Rate: 1.0
CRPs: 191000
[0.988  0.9903 0.9898 0.9911 0.9892 0.9891 0.9887 0.9909 0.9909 0.9905
 0.9889 0.9888 0.9889 0.9887 0.9894 0.991  0.9894 0.9901 0.9907 0.9898]
HPUF Median: 0.9896
HPUF Mean: 0.9897099999999999
Success Rate: 1.0
CRPs: 1000
[0.52       0.49888889 0.48666667 0.49666667 0.46888889 0.50777778
 0.50333333 0.50888889 0.49444444 0.48555556 0.48111111 0.50777778
 0.48777778 0.50555556 0.49222222 0.51333333 0.50666667 0.51222222
 0.51777778 0.50222222]
HPUF Median: 0.5027777777777778
HPUF Mean: 0.4998888888888889
Success Rate: 0.0
CRPs: 11000
[0.50131313 0.50131313 0.49212121 0.50444444 0.50070707 0.50222222
 0.50323232 0.50323232 0.49757576 0.51111111 0.49606061 0.4979798
 0.49272727 0.50353535 0.49181818 0.49858586 0.49949495 0.49191919
 0.50545455 0.50090909]
HPUF Median: 0.5008080808080808
HPUF Mean: 0.4997878787878788
Success Rate: 0.0
CRPs: 21000
[0.4996 0.5015 0.5058 0.5235 0.495  0.4952 0.5071 0.5017 0.5059 0.4906
 0.5005 0.4975 0.4994 0.5022 0.5045 0.4961 0.5017 0.5044 0.5033 0.5002]
HPUF Median: 0.5016
HPUF Mean: 0.5017849999999999
Success Rate: 0.0
CRPs: 31000
[0.5246 0.5181 0.502  0.528  0.4988 0.4902 0.5025 0.4882 0.4999 0.9388
 0.498  0.9624 0.5056 0.5021 0.4976 0.4937 0.4984 0.5005 0.5076 0.4935]
HPUF Median: 0.50125
HPUF Mean: 0.547525
Success Rate: 0.05
CRPs: 41000
[0.5038 0.5093 0.5071 0.5029 0.5063 0.4919 0.5112 0.4978 0.507  0.4921
 0.4996 0.9643 0.4958 0.5041 0.4931 0.5006 0.496  0.501  0.507  0.4865]
HPUF Median: 0.50195
HPUF Mean: 0.52387
Success Rate: 0.05
CRPs: 51000
[0.5034 0.9755 0.5015 0.4977 0.5098 0.5044 0.493  0.9729 0.5062 0.9575
 0.5043 0.9734 0.5037 0.9781 0.9742 0.9776 0.9727 0.976  0.4936 0.9744]
HPUF Median: 0.73365
HPUF Mean: 0.737495
Success Rate: 0.5
CRPs: 61000
[0.9813 0.977  0.9767 0.9755 0.4938 0.9792 0.5002 0.9755 0.9763 0.4985
 0.9773 0.9768 0.4968 0.9762 0.967  0.4988 0.978  0.4945 0.5023 0.9766]
HPUF Median: 0.97585
HPUF Mean: 0.808915
Success Rate: 0.65
CRPs: 71000
[0.9757 0.4898 0.5005 0.9801 0.9797 0.9834 0.983  0.9789 0.9792 0.9791
 0.5009 0.9581 0.9804 0.4956 0.4957 0.9556 0.9818 0.5939 0.9814 0.9795]
HPUF Median: 0.979
HPUF Mean: 0.8376149999999999
Success Rate: 0.7
CRPs: 81000
[0.9826 0.98   0.9828 0.981  0.5102 0.9793 0.9808 0.9819 0.9836 0.9833
 0.9802 0.981  0.9847 0.9822 0.9831 0.4923 0.5055 0.9831 0.984  0.5016]
HPUF Median: 0.9814499999999999
HPUF Mean: 0.8861599999999997
Success Rate: 0.8
CRPs: 91000
[0.9822 0.5138 0.9841 0.9831 0.9842 0.9826 0.9823 0.4914 0.986  0.4947
 0.9781 0.9816 0.9852 0.9819 0.9837 0.9821 0.9832 0.9761 0.4962 0.983 ]
HPUF Median: 0.98225
HPUF Mean: 0.8857750000000001
Success Rate: 0.8
CRPs: 101000
[0.9834 0.9862 0.9849 0.9804 0.9836 0.9853 0.9816 0.9825 0.5066 0.983
 0.9841 0.9844 0.9871 0.9837 0.9837 0.9852 0.9856 0.9786 0.9803 0.984 ]
HPUF Median: 0.9837
HPUF Mean: 0.9597100000000001
Success Rate: 0.95
CRPs: 111000
[0.9855 0.9847 0.9848 0.986  0.9856 0.9832 0.9863 0.9864 0.9846 0.9121
 0.9853 0.9855 0.4945 0.9859 0.9854 0.9851 0.9846 0.9851 0.9848 0.9859]
HPUF Median: 0.9852
HPUF Mean: 0.957065
Success Rate: 0.9
CRPs: 121000
[0.9871 0.5013 0.9872 0.9862 0.9854 0.497  0.9861 0.987  0.987  0.9886
 0.9839 0.9889 0.9864 0.9866 0.9854 0.5093 0.9871 0.9868 0.9852 0.9873]
HPUF Median: 0.9865
HPUF Mean: 0.9139899999999999
Success Rate: 0.85
CRPs: 131000
[0.9874 0.9887 0.9871 0.9873 0.9881 0.9864 0.988  0.9868 0.9865 0.9873
 0.9881 0.9848 0.9879 0.9865 0.9852 0.9861 0.9865 0.9866 0.9866 0.988 ]
HPUF Median: 0.98695
HPUF Mean: 0.986995
Success Rate: 1.0
CRPs: 141000
[0.9886 0.9882 0.9867 0.989  0.9888 0.9888 0.5829 0.9867 0.9903 0.986
 0.9882 0.9864 0.9899 0.9863 0.9867 0.9881 0.9898 0.9862 0.9898 0.9862]
HPUF Median: 0.98815
HPUF Mean: 0.9676799999999999
Success Rate: 0.95
CRPs: 151000
[0.9905 0.9872 0.9887 0.9901 0.9884 0.9882 0.9865 0.986  0.9875 0.9876
 0.987  0.9882 0.9877 0.986  0.9883 0.9883 0.9873 0.9876 0.9896 0.9889]
HPUF Median: 0.98795
HPUF Mean: 0.9879800000000001
Success Rate: 1.0
CRPs: 161000
[0.9895 0.9884 0.9882 0.9898 0.9873 0.9872 0.9898 0.9896 0.9909 0.9891
 0.9871 0.9917 0.989  0.988  0.9891 0.9888 0.9878 0.9917 0.9892 0.989 ]
HPUF Median: 0.98905
HPUF Mean: 0.98906
Success Rate: 1.0
CRPs: 171000
[0.9904 0.9878 0.9898 0.9895 0.9873 0.9894 0.989  0.9917 0.9893 0.9888
 0.9898 0.9876 0.9897 0.991  0.989  0.9885 0.9875 0.9901 0.989  0.99  ]
HPUF Median: 0.98935
HPUF Mean: 0.9892599999999998
Success Rate: 1.0
CRPs: 181000
[0.99   0.9889 0.9882 0.9886 0.9893 0.9887 0.9897 0.991  0.989  0.9889
 0.9904 0.9892 0.9892 0.99   0.9915 0.9902 0.989  0.9885 0.9921 0.9901]
HPUF Median: 0.98925
HPUF Mean: 0.9896249999999999
Success Rate: 1.0
CRPs: 191000
[0.9893 0.9879 0.9897 0.9883 0.9896 0.9898 0.9877 0.9885 0.9891 0.9883
 0.989  0.9883 0.9909 0.9925 0.9877 0.9885 0.9904 0.9884 0.9897 0.9896]
HPUF Median: 0.98905
HPUF Mean: 0.9891599999999998
Success Rate: 1.0
