CRPs: 1000
[0.47444444 0.50333333 0.49444444 0.50333333 0.51555556 0.50333333
 0.51111111 0.50333333 0.51555556 0.50333333 0.48888889 0.48333333
 0.49666667 0.48444444 0.52111111 0.49222222 0.50777778 0.49777778
 0.47777778 0.50333333]
HPUF Median: 0.5033333333333333
HPUF Mean: 0.4990555555555556
Success Rate: 0.0
CRPs: 41000
[0.4993 0.4999 0.498  0.5078 0.5027 0.5053 0.5002 0.5026 0.5035 0.5024
 0.4897 0.4959 0.5082 0.5034 0.5022 0.4977 0.4945 0.5001 0.5036 0.4973]
HPUF Median: 0.5012
HPUF Mean: 0.5007149999999999
Success Rate: 0.0
CRPs: 81000
[0.4938 0.4934 0.507  0.4982 0.4993 0.4941 0.5034 0.4963 0.5034 0.5048
 0.5085 0.4998 0.497  0.4978 0.5027 0.4986 0.5029 0.5061 0.5077 0.4945]
HPUF Median: 0.49955000000000005
HPUF Mean: 0.5004649999999999
Success Rate: 0.0
CRPs: 121000
[0.5055 0.498  0.4976 0.4975 0.5033 0.5062 0.5028 0.4953 0.4985 0.5093
 0.5035 0.5058 0.4979 0.4995 0.5253 0.5022 0.4973 0.9715 0.499  0.505 ]
HPUF Median: 0.5025
HPUF Mean: 0.52605
Success Rate: 0.05
CRPs: 161000
[0.498  0.5047 0.5032 0.5001 0.5141 0.5    0.5077 0.9804 0.495  0.5028
 0.9846 0.4977 0.9795 0.5063 0.5031 0.9725 0.495  0.4976 0.9844 0.9805]
HPUF Median: 0.50395
HPUF Mean: 0.6453599999999999
Success Rate: 0.3
CRPs: 201000
[0.9838 0.505  0.5019 0.9863 0.9849 0.4986 0.5054 0.502  0.4944 0.5022
 0.4985 0.5063 0.9856 0.5027 0.5444 0.9845 0.5019 0.5022 0.9856 0.4966]
HPUF Median: 0.50385
HPUF Mean: 0.64864
Success Rate: 0.3
CRPs: 241000
[0.5068 0.5063 0.9853 0.4941 0.9738 0.9857 0.9877 0.9846 0.9859 0.4961
 0.987  0.9867 0.9863 0.9881 0.9878 0.985  0.4944 0.9873 0.9849 0.9812]
HPUF Median: 0.98515
HPUF Mean: 0.8637500000000001
Success Rate: 0.75
CRPs: 281000
[0.9897 0.4948 0.9877 0.9864 0.5016 0.9881 0.9893 0.9802 0.5089 0.9883
 0.9894 0.9881 0.9889 0.984  0.9888 0.988  0.9881 0.9873 0.9877 0.9885]
HPUF Median: 0.98805
HPUF Mean: 0.9146899999999999
Success Rate: 0.85
CRPs: 321000
[0.9905 0.9863 0.9892 0.9895 0.4974 0.9899 0.988  0.9889 0.9878 0.9876
 0.986  0.9883 0.9885 0.9903 0.4953 0.9856 0.9886 0.989  0.9897 0.988 ]
HPUF Median: 0.9884
HPUF Mean: 0.9392199999999999
Success Rate: 0.9
CRPs: 361000
[0.9889 0.9894 0.9895 0.99   0.9874 0.9901 0.9895 0.9874 0.9893 0.9884
 0.9885 0.9894 0.9893 0.9884 0.497  0.9899 0.9904 0.9889 0.9895 0.9886]
HPUF Median: 0.9893
HPUF Mean: 0.9644900000000002
Success Rate: 0.95
CRPs: 401000
[0.99   0.9914 0.9909 0.9889 0.9884 0.9894 0.9901 0.9912 0.9887 0.9902
 0.9889 0.9919 0.9897 0.9897 0.9901 0.9901 0.9878 0.9908 0.9903 0.9905]
HPUF Median: 0.9901
HPUF Mean: 0.98995
Success Rate: 1.0
CRPs: 441000
[0.9915 0.9915 0.9891 0.9892 0.9868 0.9889 0.9741 0.9903 0.9908 0.9904
 0.99   0.9896 0.9901 0.9897 0.99   0.9906 0.9896 0.9896 0.9909 0.9876]
HPUF Median: 0.98985
HPUF Mean: 0.989015
Success Rate: 1.0
CRPs: 481000
[0.988  0.9875 0.9895 0.9891 0.9901 0.992  0.9905 0.9889 0.9911 0.9909
 0.9906 0.9905 0.9899 0.9883 0.9898 0.9891 0.99   0.9891 0.9911 0.9891]
HPUF Median: 0.98985
HPUF Mean: 0.989755
Success Rate: 1.0
CRPs: 521000
[0.9915 0.988  0.9904 0.9901 0.9894 0.9887 0.9907 0.9908 0.9897 0.9913
 0.9922 0.9892 0.99   0.9883 0.9894 0.9909 0.9899 0.9898 0.9922 0.9898]
HPUF Median: 0.98995
HPUF Mean: 0.990115
Success Rate: 1.0
CRPs: 561000
[0.9897 0.9914 0.9919 0.9894 0.9897 0.9905 0.9931 0.9896 0.9922 0.9897
 0.9912 0.9903 0.9904 0.9906 0.9907 0.9914 0.9918 0.9894 0.9898 0.9903]
HPUF Median: 0.99045
HPUF Mean: 0.9906550000000001
Success Rate: 1.0
CRPs: 601000
[0.9922 0.991  0.9916 0.9918 0.9913 0.9911 0.9914 0.9919 0.9914 0.9923
 0.9909 0.991  0.9898 0.9923 0.991  0.9909 0.9897 0.992  0.9921 0.9901]
HPUF Median: 0.99135
HPUF Mean: 0.99129
Success Rate: 1.0
CRPs: 641000
[0.9904 0.9909 0.9904 0.9917 0.9901 0.9934 0.9899 0.9919 0.9915 0.9894
 0.9915 0.9919 0.9898 0.9897 0.9904 0.9921 0.9898 0.9915 0.9908 0.9906]
HPUF Median: 0.9907
HPUF Mean: 0.9908849999999999
Success Rate: 1.0
CRPs: 681000
[0.99   0.9903 0.9924 0.9916 0.9925 0.9915 0.9915 0.9915 0.9915 0.9902
 0.9916 0.9941 0.9914 0.9911 0.9911 0.9918 0.9888 0.991  0.991  0.9927]
HPUF Median: 0.9915
HPUF Mean: 0.99138
Success Rate: 1.0
CRPs: 721000
[0.9931 0.9894 0.9906 0.9925 0.9907 0.9916 0.9908 0.992  0.9916 0.9916
 0.9921 0.9891 0.9915 0.9927 0.9913 0.9922 0.9923 0.9909 0.9915 0.9915]
HPUF Median: 0.99155
HPUF Mean: 0.9914499999999998
Success Rate: 1.0
CRPs: 761000
[0.9917 0.9918 0.992  0.9913 0.9904 0.9924 0.9914 0.9916 0.9906 0.9914
 0.9914 0.9916 0.9918 0.9928 0.993  0.9899 0.9922 0.9919 0.9907 0.993 ]
HPUF Median: 0.99165
HPUF Mean: 0.9916449999999999
Success Rate: 1.0
CRPs: 1000
[0.48333333 0.52777778 0.50444444 0.49444444 0.47666667 0.49666667
 0.50888889 0.52444444 0.50777778 0.52444444 0.52333333 0.50777778
 0.48111111 0.49222222 0.50888889 0.50444444 0.46666667 0.48777778
 0.48888889 0.52444444]
HPUF Median: 0.5044444444444445
HPUF Mean: 0.5017222222222222
Success Rate: 0.0
CRPs: 41000
[0.4986 0.4967 0.5082 0.5044 0.5065 0.5025 0.5003 0.4889 0.4965 0.5004
 0.496  0.5009 0.4942 0.4924 0.497  0.5098 0.4951 0.4975 0.4954 0.5008]
HPUF Median: 0.49805
HPUF Mean: 0.499105
Success Rate: 0.0
CRPs: 81000
[0.5001 0.4925 0.4984 0.4968 0.5018 0.5037 0.4969 0.4974 0.5013 0.5132
 0.4992 0.493  0.4995 0.5017 0.5093 0.5014 0.5072 0.502  0.503  0.497 ]
HPUF Median: 0.5006999999999999
HPUF Mean: 0.5007699999999999
Success Rate: 0.0
CRPs: 121000
[0.4986 0.5029 0.4987 0.5007 0.5056 0.4982 0.4916 0.5007 0.5045 0.5044
 0.5023 0.5029 0.5039 0.9785 0.503  0.5028 0.9821 0.4977 0.502  0.5007]
HPUF Median: 0.50255
HPUF Mean: 0.5490900000000001
Success Rate: 0.1
CRPs: 161000
[0.5055 0.5022 0.4986 0.4982 0.5068 0.9767 0.9827 0.5036 0.9845 0.499
 0.5034 0.5063 0.504  0.5003 0.5011 0.9842 0.495  0.4969 0.5062 0.5008]
HPUF Median: 0.5035000000000001
HPUF Mean: 0.5978
Success Rate: 0.2
CRPs: 201000
[0.9879 0.5021 0.5189 0.4919 0.4853 0.5012 0.5009 0.5037 0.5003 0.9852
 0.9855 0.9868 0.4975 0.9865 0.5028 0.4992 0.9857 0.5001 0.4992 0.5042]
HPUF Median: 0.5024500000000001
HPUF Mean: 0.6462450000000001
Success Rate: 0.3
CRPs: 241000
[0.9845 0.9859 0.986  0.494  0.9871 0.9855 0.4934 0.5037 0.9876 0.9833
 0.5036 0.99   0.9838 0.4885 0.9875 0.5198 0.9882 0.505  0.4965 0.5051]
HPUF Median: 0.9835499999999999
HPUF Mean: 0.76795
Success Rate: 0.55
CRPs: 281000
[0.4919 0.9836 0.5009 0.9868 0.507  0.9886 0.9867 0.9886 0.4992 0.9852
 0.9887 0.9883 0.9887 0.9884 0.9874 0.9909 0.9844 0.497  0.9873 0.9864]
HPUF Median: 0.98675
HPUF Mean: 0.8653000000000001
Success Rate: 0.75
CRPs: 321000
[0.4954 0.5367 0.9863 0.9894 0.9875 0.503  0.9892 0.988  0.9889 0.4974
 0.9894 0.5014 0.9889 0.9887 0.9874 0.989  0.4928 0.4943 0.9888 0.9896]
HPUF Median: 0.98775
HPUF Mean: 0.818605
Success Rate: 0.65
CRPs: 361000
[0.9878 0.9893 0.5002 0.9889 0.9881 0.5001 0.9884 0.9871 0.9892 0.9886
 0.9874 0.9897 0.9882 0.9888 0.9877 0.4958 0.4939 0.9898 0.9908 0.4982]
HPUF Median: 0.98815
HPUF Mean: 0.8659000000000001
Success Rate: 0.75
CRPs: 401000
[0.9904 0.9905 0.987  0.9886 0.9888 0.4966 0.9909 0.9896 0.9879 0.9882
 0.9885 0.9895 0.9879 0.9846 0.9914 0.9918 0.9887 0.9916 0.9869 0.9876]
HPUF Median: 0.98865
HPUF Mean: 0.9643499999999999
Success Rate: 0.95
CRPs: 441000
[0.9899 0.9913 0.9884 0.991  0.9905 0.4931 0.9901 0.9876 0.9905 0.4975
 0.9902 0.991  0.9889 0.9921 0.989  0.9911 0.9891 0.9891 0.9911 0.9894]
HPUF Median: 0.99
HPUF Mean: 0.940545
Success Rate: 0.9
CRPs: 481000
[0.9882 0.9899 0.9894 0.9891 0.9902 0.9903 0.9897 0.9906 0.9909 0.9906
 0.9903 0.989  0.9887 0.991  0.9929 0.9895 0.9907 0.992  0.9901 0.9887]
HPUF Median: 0.99015
HPUF Mean: 0.99009
Success Rate: 1.0
CRPs: 521000
[0.9918 0.99   0.9906 0.991  0.9918 0.9905 0.9923 0.9912 0.9926 0.9887
 0.9911 0.9929 0.9894 0.9908 0.9908 0.9877 0.9911 0.9921 0.9897 0.9911]
HPUF Median: 0.99105
HPUF Mean: 0.99086
Success Rate: 1.0
CRPs: 561000
[0.9914 0.9932 0.9899 0.9881 0.9901 0.9908 0.9915 0.9937 0.9895 0.99
 0.9901 0.9909 0.9896 0.9909 0.9911 0.992  0.9902 0.9919 0.9912 0.9894]
HPUF Median: 0.99085
HPUF Mean: 0.990775
Success Rate: 1.0
CRPs: 601000
[0.9889 0.9891 0.9897 0.9903 0.9917 0.9906 0.9908 0.9918 0.9896 0.9905
 0.9919 0.9899 0.9912 0.9905 0.9909 0.9897 0.9898 0.9907 0.9897 0.9918]
HPUF Median: 0.9905
HPUF Mean: 0.9904550000000001
Success Rate: 1.0
CRPs: 641000
[0.4982 0.992  0.9912 0.9905 0.9907 0.9911 0.9924 0.9911 0.9902 0.9909
 0.9911 0.9916 0.9896 0.9895 0.9917 0.9895 0.9901 0.9919 0.9919 0.9917]
HPUF Median: 0.9911
HPUF Mean: 0.9663450000000001
Success Rate: 0.95
CRPs: 681000
[0.9914 0.9917 0.9907 0.9913 0.9905 0.991  0.9918 0.9924 0.9907 0.9881
 0.9915 0.9913 0.9927 0.9907 0.992  0.9914 0.9911 0.9925 0.9915 0.9916]
HPUF Median: 0.9914
HPUF Mean: 0.9912949999999998
Success Rate: 1.0
CRPs: 721000
[0.9918 0.9896 0.9911 0.9915 0.9918 0.9922 0.9913 0.9921 0.9878 0.9909
 0.9922 0.9924 0.9903 0.9936 0.9924 0.9912 0.9911 0.9909 0.9906 0.9896]
HPUF Median: 0.99125
HPUF Mean: 0.99122
Success Rate: 1.0
CRPs: 761000
[0.9911 0.9925 0.9908 0.9918 0.9888 0.9904 0.9914 0.9911 0.9913 0.992
 0.9917 0.9853 0.9926 0.9917 0.9909 0.9924 0.9902 0.9905 0.9915 0.9894]
HPUF Median: 0.9912
HPUF Mean: 0.9908699999999999
Success Rate: 1.0
