CRPs: 1000
[0.49888889 0.52222222 0.51777778 0.51444444 0.50555556 0.50444444
 0.47333333 0.51333333 0.52666667 0.50222222 0.50333333 0.51444444
 0.51111111 0.47444444 0.51666667 0.51333333 0.49777778 0.47
 0.50666667 0.51666667]
CPUF Median: 0.508888888888889
CPUF Mean: 0.5051666666666667
Success Rate: 0.0
CRPs: 251000
[0.5036 0.4987 0.4979 0.4943 0.5066 0.5024 0.493  0.493  0.5008 0.4954
 0.4932 0.4945 0.5054 0.5046 0.5065 0.4962 0.497  0.5002 0.5003 0.5044]
CPUF Median: 0.49944999999999995
CPUF Mean: 0.49939999999999996
Success Rate: 0.0
CRPs: 501000
[0.4958 0.4973 0.4985 0.503  0.5042 0.5053 0.4963 0.5051 0.5046 0.5021
 0.5079 0.4982 0.494  0.5081 0.5068 0.5023 0.5023 0.4997 0.511  0.5024]
CPUF Median: 0.50235
CPUF Mean: 0.502245
Success Rate: 0.0
CRPs: 751000
[0.5072 0.5043 0.4961 0.5061 0.9765 0.5026 0.497  0.5028 0.4974 0.9621
 0.5037 0.5033 0.5044 0.9537 0.5015 0.5003 0.4955 0.5007 0.9655 0.9688]
CPUF Median: 0.5035000000000001
CPUF Mean: 0.617475
Success Rate: 0.25
CRPs: 1001000
[0.975  0.9797 0.5032 0.5    0.4998 0.4971 0.4916 0.4985 0.9596 0.5031
 0.5008 0.9693 0.4916 0.5005 0.4989 0.5062 0.4965 0.5056 0.4977 0.5027]
CPUF Median: 0.50065
CPUF Mean: 0.59387
Success Rate: 0.2
CRPs: 1251000
[0.981  0.5016 0.4995 0.98   0.9523 0.4972 0.5059 0.9808 0.9791 0.5014
 0.4977 0.9814 0.9715 0.5033 0.9551 0.5044 0.4994 0.4992 0.4841 0.4988]
CPUF Median: 0.5038499999999999
CPUF Mean: 0.6886849999999999
Success Rate: 0.4
CRPs: 1501000
[0.9817 0.5032 0.9807 0.9767 0.96   0.9815 0.9822 0.4976 0.9609 0.9845
 0.4959 0.9591 0.9754 0.981  0.9705 0.9754 0.9743 0.9783 0.9825 0.9793]
CPUF Median: 0.9760500000000001
CPUF Mean: 0.904035
Success Rate: 0.85
CRPs: 1751000
[0.9803 0.9723 0.9832 0.9797 0.9814 0.9831 0.4991 0.9815 0.4985 0.9696
 0.5051 0.9496 0.9798 0.9735 0.9816 0.9783 0.9766 0.9815 0.9815 0.9816]
CPUF Median: 0.97975
CPUF Mean: 0.90589
Success Rate: 0.8
CRPs: 2001000
[0.5005 0.9746 0.9799 0.9709 0.9791 0.9754 0.9823 0.9779 0.9713 0.984
 0.9805 0.9605 0.9756 0.9799 0.9836 0.9705 0.981  0.9845 0.9818 0.9806]
CPUF Median: 0.9795
CPUF Mean: 0.95372
Success Rate: 0.95
CRPs: 2251000
[0.9775 0.9829 0.9827 0.9836 0.9781 0.9601 0.9835 0.9846 0.9847 0.9815
 0.9837 0.9811 0.985  0.9812 0.9858 0.9831 0.9838 0.9809 0.9869 0.9842]
CPUF Median: 0.9833000000000001
CPUF Mean: 0.9817449999999999
Success Rate: 1.0
CRPs: 2501000
[0.9645 0.9818 0.9815 0.9709 0.9767 0.9806 0.9827 0.9804 0.9858 0.9833
 0.968  0.9854 0.9827 0.9661 0.9829 0.9838 0.9823 0.984  0.9871 0.9711]
CPUF Median: 0.98205
CPUF Mean: 0.97908
Success Rate: 1.0
CRPs: 2751000
[0.9825 0.9824 0.9832 0.9842 0.9777 0.9843 0.9836 0.9807 0.9842 0.9836
 0.9818 0.9823 0.9854 0.9622 0.9835 0.985  0.9812 0.9818 0.9838 0.9646]
CPUF Median: 0.98285
CPUF Mean: 0.9809000000000001
Success Rate: 1.0
CRPs: 3001000
[0.9831 0.9802 0.9849 0.9846 0.9868 0.9689 0.9827 0.9856 0.9827 0.9742
 0.957  0.9784 0.9761 0.985  0.982  0.9767 0.9792 0.9818 0.9859 0.9844]
CPUF Median: 0.9823500000000001
CPUF Mean: 0.98001
Success Rate: 1.0
CRPs: 3251000
[0.9855 0.9858 0.9855 0.9832 0.9731 0.9714 0.987  0.9817 0.9861 0.974
 0.9845 0.9822 0.9756 0.9718 0.9841 0.987  0.987  0.9851 0.9558 0.9788]
CPUF Median: 0.9836499999999999
CPUF Mean: 0.9802599999999998
Success Rate: 1.0
CRPs: 3501000
[0.9817 0.9837 0.9838 0.985  0.9879 0.9857 0.9839 0.9857 0.9858 0.9859
 0.9787 0.9853 0.9803 0.9773 0.9869 0.9698 0.9849 0.9802 0.9842 0.9869]
CPUF Median: 0.98455
CPUF Mean: 0.9831799999999999
Success Rate: 1.0
CRPs: 3751000
[0.9845 0.9836 0.9809 0.9785 0.9798 0.9859 0.9579 0.9774 0.9878 0.9711
 0.9875 0.9802 0.9901 0.9894 0.9821 0.9737 0.9832 0.9856 0.9573 0.9775]
CPUF Median: 0.9815
CPUF Mean: 0.9797
Success Rate: 1.0
CRPs: 4001000
[0.9612 0.9704 0.9804 0.9845 0.9825 0.9603 0.9851 0.9818 0.987  0.9865
 0.9866 0.9787 0.9804 0.9844 0.9862 0.985  0.984  0.9854 0.9857 0.9854]
CPUF Median: 0.98445
CPUF Mean: 0.9810749999999999
Success Rate: 1.0
CRPs: 4251000
[0.9699 0.979  0.9851 0.9869 0.9854 0.9839 0.9858 0.9855 0.9858 0.9881
 0.9753 0.986  0.9864 0.9856 0.9587 0.972  0.9879 0.9805 0.9778 0.9823]
CPUF Median: 0.98525
CPUF Mean: 0.9813949999999998
Success Rate: 1.0
CRPs: 4501000
[0.9872 0.9812 0.9861 0.987  0.9847 0.9861 0.9867 0.9818 0.9857 0.9872
 0.9851 0.9724 0.9874 0.9837 0.9872 0.9825 0.9842 0.9806 0.9856 0.9793]
CPUF Median: 0.98535
CPUF Mean: 0.984085
Success Rate: 1.0
CRPs: 4751000
[0.9881 0.9875 0.9702 0.9877 0.9885 0.9873 0.9713 0.9855 0.9891 0.9813
 0.9834 0.9871 0.9868 0.9874 0.9808 0.9871 0.9859 0.9816 0.9864 0.9788]
CPUF Median: 0.9866
CPUF Mean: 0.9840899999999999
Success Rate: 1.0
