CRPs: 1000
[0.50777778 0.52222222 0.47555556 0.49222222 0.47777778 0.53555556
 0.50777778 0.48888889 0.50222222 0.49       0.46444444 0.44777778
 0.50444444 0.49666667 0.50666667 0.50333333 0.47777778 0.49777778
 0.49555556 0.49888889]
CPUF Median: 0.49722222222222223
CPUF Mean: 0.49466666666666653
Success Rate: 0.0
CRPs: 33500
[0.4962 0.5014 0.5004 0.5059 0.4937 0.5068 0.5062 0.4924 0.4962 0.5002
 0.5009 0.5002 0.5018 0.5015 0.4974 0.4991 0.4974 0.4968 0.503  0.4978]
CPUF Median: 0.5002
CPUF Mean: 0.499765
Success Rate: 0.0
CRPs: 66000
[0.5002 0.5025 0.5073 0.4954 0.4953 0.4842 0.4987 0.4997 0.5087 0.4944
 0.4901 0.5032 0.5065 0.5007 0.5037 0.4971 0.4975 0.4998 0.4987 0.5049]
CPUF Median: 0.49975
CPUF Mean: 0.49942999999999993
Success Rate: 0.0
CRPs: 98500
[0.5113 0.5032 0.5044 0.4992 0.5002 0.4998 0.5003 0.4972 0.5026 0.5041
 0.4921 0.5022 0.5072 0.4992 0.4976 0.4951 0.9552 0.5084 0.5016 0.5079]
CPUF Median: 0.5019
CPUF Mean: 0.5244399999999999
Success Rate: 0.05
CRPs: 131000
[0.4983 0.4994 0.9614 0.4998 0.5011 0.4982 0.4982 0.5105 0.9604 0.5068
 0.9638 0.958  0.9687 0.9568 0.9644 0.4977 0.9692 0.9573 0.9682 0.4977]
CPUF Median: 0.7336499999999999
CPUF Mean: 0.7317950000000001
Success Rate: 0.5
CRPs: 163500
[0.9625 0.97   0.9563 0.9542 0.5029 0.951  0.9562 0.9721 0.4997 0.9584
 0.4969 0.5016 0.9695 0.9672 0.5039 0.9609 0.9694 0.495  0.5003 0.9627]
CPUF Median: 0.95625
CPUF Mean: 0.800535
Success Rate: 0.65
CRPs: 196000
[0.9635 0.9744 0.9724 0.9741 0.9716 0.9648 0.9639 0.9726 0.5003 0.9667
 0.9721 0.5009 0.9665 0.9678 0.9655 0.5022 0.9485 0.9684 0.4966 0.964 ]
CPUF Median: 0.966
CPUF Mean: 0.8738400000000001
Success Rate: 0.75
CRPs: 228500
[0.5004 0.9509 0.9722 0.4914 0.9672 0.9608 0.9699 0.493  0.9658 0.9724
 0.9666 0.9582 0.4995 0.7516 0.9736 0.4937 0.9711 0.9594 0.9725 0.9687]
CPUF Median: 0.9633
CPUF Mean: 0.837945
Success Rate: 0.7
CRPs: 261000
[0.9636 0.4949 0.9679 0.9613 0.9769 0.9628 0.9671 0.95   0.9686 0.9615
 0.9637 0.9697 0.9663 0.9518 0.9752 0.5068 0.9686 0.9561 0.9714 0.9665]
CPUF Median: 0.9650000000000001
CPUF Mean: 0.918535
Success Rate: 0.9
CRPs: 293500
[0.9777 0.9759 0.9779 0.9576 0.5097 0.9702 0.9709 0.9726 0.9673 0.9637
 0.9641 0.9632 0.9686 0.9754 0.969  0.9733 0.9612 0.9717 0.5014 0.9607]
CPUF Median: 0.9688
CPUF Mean: 0.9226049999999999
Success Rate: 0.9
CRPs: 326000
[0.9878 0.9873 0.502  0.9845 0.9874 0.9865 0.9858 0.9869 0.9891 0.9844
 0.987  0.9873 0.9859 0.9879 0.9867 0.9882 0.9851 0.4987 0.9867 0.9837]
CPUF Median: 0.9867
CPUF Mean: 0.9379449999999998
Success Rate: 0.9
CRPs: 358500
[0.9817 0.983  0.9866 0.9885 0.985  0.9858 0.9866 0.9858 0.9879 0.9857
 0.9822 0.9853 0.9846 0.9844 0.9809 0.9875 0.9867 0.985  0.9901 0.9901]
CPUF Median: 0.98575
CPUF Mean: 0.98567
Success Rate: 1.0
CRPs: 391000
[0.9828 0.9876 0.9849 0.986  0.9851 0.9848 0.9853 0.9889 0.9882 0.9889
 0.9857 0.9868 0.9906 0.4958 0.9867 0.9875 0.9855 0.983  0.9862 0.9849]
CPUF Median: 0.98585
CPUF Mean: 0.9617600000000002
Success Rate: 0.95
CRPs: 423500
[0.9879 0.9853 0.9879 0.9878 0.9867 0.982  0.9849 0.9861 0.9849 0.9826
 0.986  0.9869 0.9873 0.9887 0.9864 0.9865 0.9886 0.985  0.9824 0.9836]
CPUF Median: 0.9862500000000001
CPUF Mean: 0.9858749999999998
Success Rate: 1.0
CRPs: 456000
[0.9883 0.9871 0.9829 0.9815 0.9896 0.9866 0.9841 0.9863 0.9873 0.9869
 0.9871 0.9852 0.9845 0.9865 0.9885 0.9851 0.987  0.9861 0.9858 0.9874]
CPUF Median: 0.98655
CPUF Mean: 0.98619
Success Rate: 1.0
CRPs: 488500
[0.989  0.9852 0.9873 0.9867 0.988  0.9892 0.9866 0.9868 0.9888 0.9851
 0.9869 0.9866 0.9838 0.9853 0.9851 0.9833 0.9872 0.9848 0.9867 0.9863]
CPUF Median: 0.98665
CPUF Mean: 0.986435
Success Rate: 1.0
CRPs: 521000
[0.9846 0.9873 0.9877 0.989  0.9846 0.987  0.9853 0.9876 0.9889 0.9866
 0.9873 0.9861 0.9859 0.9888 0.9838 0.9847 0.9847 0.9887 0.987  0.9886]
CPUF Median: 0.987
CPUF Mean: 0.9867100000000001
Success Rate: 1.0
CRPs: 553500
[0.9835 0.9853 0.9896 0.9833 0.9833 0.987  0.9853 0.99   0.9864 0.9884
 0.9868 0.9867 0.9863 0.9846 0.9862 0.9864 0.9848 0.985  0.9876 0.9846]
CPUF Median: 0.98625
CPUF Mean: 0.986055
Success Rate: 1.0
CRPs: 586000
[0.9866 0.985  0.9881 0.9855 0.9874 0.9854 0.9903 0.9836 0.989  0.9885
 0.9866 0.9889 0.9864 0.9873 0.985  0.9882 0.9872 0.9867 0.9887 0.9828]
CPUF Median: 0.98695
CPUF Mean: 0.9868600000000001
Success Rate: 1.0
CRPs: 618500
[0.9885 0.9873 0.9878 0.9854 0.989  0.9854 0.9858 0.9831 0.9874 0.9863
 0.9882 0.989  0.9871 0.9883 0.986  0.9825 0.9846 0.9831 0.9861 0.9885]
CPUF Median: 0.9866999999999999
CPUF Mean: 0.98647
Success Rate: 1.0
