CRPs: 1000
[0.52222222 0.50444444 0.52333333 0.49666667 0.51333333 0.5
 0.49       0.50111111 0.48444444 0.47666667 0.47555556 0.48444444
 0.51444444 0.47555556 0.49888889 0.50777778 0.51888889 0.51111111
 0.48333333 0.48333333]
HPUF Median: 0.49944444444444447
HPUF Mean: 0.4982777777777777
Success Rate: 0.0
CRPs: 33500
[0.5013 0.4969 0.5041 0.503  0.4958 0.496  0.5021 0.5061 0.4958 0.5044
 0.5027 0.5049 0.5093 0.5106 0.5018 0.5016 0.4924 0.5081 0.4927 0.502 ]
HPUF Median: 0.50205
HPUF Mean: 0.50158
Success Rate: 0.0
CRPs: 66000
[0.5021 0.4934 0.4924 0.5062 0.5079 0.5016 0.4963 0.4957 0.5066 0.4961
 0.5016 0.4962 0.4983 0.5125 0.5002 0.4992 0.5019 0.5018 0.5095 0.4973]
HPUF Median: 0.5009
HPUF Mean: 0.5008399999999998
Success Rate: 0.0
CRPs: 98500
[0.5023 0.5    0.981  0.5004 0.5024 0.4992 0.4993 0.5127 0.5041 0.5047
 0.4934 0.5009 0.5004 0.5001 0.5028 0.4947 0.4977 0.5055 0.5144 0.5082]
HPUF Median: 0.5016
HPUF Mean: 0.5262100000000001
Success Rate: 0.05
CRPs: 131000
[0.4982 0.507  0.4945 0.5003 0.9803 0.987  0.5014 0.4953 0.9887 0.4965
 0.9875 0.9826 0.9873 0.5029 0.9894 0.9871 0.988  0.4945 0.9807 0.5003]
HPUF Median: 0.7436499999999999
HPUF Mean: 0.742475
Success Rate: 0.5
CRPs: 163500
[0.978  0.4995 0.4932 0.9838 0.4969 0.4966 0.9921 0.5037 0.9833 0.4986
 0.9846 0.9858 0.5002 0.5201 0.5053 0.9858 0.9833 0.9872 0.9741 0.4982]
HPUF Median: 0.7471
HPUF Mean: 0.742515
Success Rate: 0.5
CRPs: 196000
[0.4998 0.497  0.4968 0.9717 0.9775 0.984  0.9835 0.4982 0.9842 0.9771
 0.5015 0.4945 0.9814 0.9816 0.9793 0.5006 0.5047 0.987  0.5108 0.4998]
HPUF Median: 0.74125
HPUF Mean: 0.74055
Success Rate: 0.5
CRPs: 228500
[0.4998 0.9845 0.9799 0.9859 0.9789 0.9761 0.9809 0.5051 0.9849 0.9777
 0.4941 0.5012 0.9813 0.9831 0.9776 0.9827 0.9812 0.4946 0.9836 0.9807]
HPUF Median: 0.9803
HPUF Mean: 0.86069
Success Rate: 0.75
CRPs: 261000
[0.9801 0.9849 0.9867 0.9793 0.5032 0.9843 0.9811 0.9784 0.4972 0.9906
 0.9882 0.986  0.9767 0.9861 0.4927 0.9851 0.5018 0.9827 0.9813 0.9814]
HPUF Median: 0.98135
HPUF Mean: 0.8863899999999999
Success Rate: 0.8
CRPs: 293500
[0.9877 0.9887 0.9804 0.9861 0.9859 0.9885 0.9827 0.989  0.9858 0.9917
 0.9796 0.9881 0.9885 0.9886 0.9883 0.9786 0.9839 0.507  0.9875 0.9857]
HPUF Median: 0.9868
HPUF Mean: 0.9621150000000002
Success Rate: 0.95
CRPs: 326000
[0.9848 0.9862 0.9789 0.9845 0.9889 0.9862 0.9831 0.9823 0.9867 0.9845
 0.9881 0.9846 0.9883 0.985  0.9829 0.9835 0.984  0.9877 0.9864 0.9855]
HPUF Median: 0.9849
HPUF Mean: 0.9851050000000001
Success Rate: 1.0
CRPs: 358500
[0.9934 0.9908 0.9872 0.9872 0.9891 0.9851 0.9825 0.9864 0.9854 0.9868
 0.987  0.9842 0.9841 0.982  0.9808 0.9863 0.9855 0.9844 0.979  0.9886]
HPUF Median: 0.9859
HPUF Mean: 0.98579
Success Rate: 1.0
CRPs: 391000
[0.9888 0.9821 0.9846 0.9859 0.9858 0.9895 0.9867 0.9874 0.9868 0.9847
 0.9851 0.9824 0.9891 0.9853 0.9844 0.9805 0.9829 0.99   0.9864 0.989 ]
HPUF Median: 0.98585
HPUF Mean: 0.9858699999999999
Success Rate: 1.0
CRPs: 423500
[0.9871 0.9823 0.9806 0.9845 0.9797 0.9835 0.9862 0.9879 0.983  0.9869
 0.9885 0.9854 0.9842 0.9851 0.9822 0.9862 0.9833 0.9844 0.9848 0.9855]
HPUF Median: 0.98465
HPUF Mean: 0.9845649999999999
Success Rate: 1.0
CRPs: 456000
[0.9876 0.9853 0.9869 0.9877 0.9839 0.9911 0.9916 0.9856 0.9843 0.9852
 0.9866 0.992  0.9878 0.989  0.9883 0.9815 0.9869 0.9828 0.988  0.9855]
HPUF Median: 0.9869
HPUF Mean: 0.98688
Success Rate: 1.0
CRPs: 488500
[0.9866 0.9835 0.9869 0.9848 0.9845 0.9866 0.9806 0.9855 0.9887 0.9857
 0.988  0.9884 0.9862 0.9894 0.9852 0.9872 0.9929 0.9896 0.9923 0.9906]
HPUF Median: 0.98675
HPUF Mean: 0.9871599999999999
Success Rate: 1.0
CRPs: 521000
[0.9907 0.9897 0.981  0.9854 0.9844 0.9853 0.9832 0.9853 0.9861 0.9862
 0.9873 0.9905 0.9809 0.9881 0.9843 0.9848 0.9904 0.9908 0.9814 0.9844]
HPUF Median: 0.98535
HPUF Mean: 0.98601
Success Rate: 1.0
CRPs: 553500
[0.9841 0.9887 0.9871 0.9875 0.9854 0.9839 0.9857 0.9849 0.9839 0.9858
 0.9816 0.9855 0.9873 0.9837 0.9887 0.9839 0.988  0.9888 0.9827 0.7115]
HPUF Median: 0.98545
HPUF Mean: 0.9719350000000002
Success Rate: 0.95
CRPs: 586000
[0.9906 0.7119 0.9852 0.9833 0.9869 0.9889 0.9854 0.9857 0.9858 0.9888
 0.9867 0.9819 0.9883 0.9882 0.9835 0.9888 0.9884 0.9909 0.9826 0.9831]
HPUF Median: 0.9862500000000001
HPUF Mean: 0.9727450000000001
Success Rate: 0.95
CRPs: 618500
[0.9854 0.9826 0.9896 0.9865 0.9872 0.9902 0.9878 0.985  0.9851 0.9852
 0.9853 0.9886 0.9846 0.9867 0.9858 0.9847 0.9874 0.9872 0.9868 0.9859]
HPUF Median: 0.9862
HPUF Mean: 0.9863800000000001
Success Rate: 1.0
Adaptive Query: 2.249
