CRPs: 1000
[0.47666667 0.5        0.50666667 0.49777778 0.45       0.48222222
 0.51666667 0.45111111 0.48888889 0.5        0.49888889 0.50333333
 0.50111111 0.49888889 0.50555556 0.49333333 0.50777778 0.49888889
 0.51333333 0.52555556]
HPUF Median: 0.49944444444444447
HPUF Mean: 0.4958333333333333
Success Rate: 0.0
CRPs: 251000
[0.5073 0.5048 0.5123 0.4983 0.4983 0.4972 0.5029 0.499  0.5041 0.5013
 0.4929 0.5069 0.5051 0.4993 0.4967 0.5067 0.5004 0.4944 0.5007 0.4997]
HPUF Median: 0.50055
HPUF Mean: 0.501415
Success Rate: 0.0
CRPs: 501000
[0.4996 0.5079 0.5007 0.5006 0.4982 0.4997 0.5057 0.5005 0.4974 0.5092
 0.5009 0.5012 0.4931 0.4953 0.5014 0.5025 0.5032 0.4883 0.503  0.5071]
HPUF Median: 0.5008
HPUF Mean: 0.500775
Success Rate: 0.0
CRPs: 751000
[0.4995 0.4943 0.5014 0.4984 0.5006 0.5033 0.5063 0.4965 0.5    0.5036
 0.5034 0.4904 0.4951 0.5025 0.5039 0.5001 0.5036 0.4988 0.505  0.5059]
HPUF Median: 0.501
HPUF Mean: 0.50063
Success Rate: 0.0
CRPs: 1001000
[0.5013 0.506  0.5081 0.9825 0.4988 0.5087 0.9835 0.5024 0.5009 0.4946
 0.4955 0.5013 0.9816 0.5034 0.5023 0.4877 0.4912 0.4932 0.9793 0.5056]
HPUF Median: 0.50235
HPUF Mean: 0.596395
Success Rate: 0.2
CRPs: 1251000
[0.9855 0.4965 0.5138 0.4959 0.9853 0.9875 0.5062 0.988  0.9868 0.4967
 0.4968 0.5068 0.5002 0.9842 0.9865 0.9872 0.4959 0.9866 0.4933 0.5078]
HPUF Median: 0.5108
HPUF Mean: 0.719375
Success Rate: 0.45
CRPs: 1501000
[0.5025 0.9813 0.9807 0.9826 0.5007 0.5079 0.9836 0.985  0.9851 0.9865
 0.9832 0.4949 0.9833 0.9793 0.9803 0.98   0.4972 0.9851 0.9858 0.9795]
HPUF Median: 0.981
HPUF Mean: 0.8622250000000001
Success Rate: 0.75
CRPs: 1751000
[0.9858 0.9856 0.9816 0.9857 0.9852 0.9833 0.9834 0.9848 0.9855 0.9841
 0.4971 0.9832 0.9841 0.9832 0.9849 0.9819 0.9851 0.9848 0.9856 0.509 ]
HPUF Median: 0.98445
HPUF Mean: 0.936195
Success Rate: 0.9
CRPs: 2001000
[0.9866 0.4985 0.9872 0.9851 0.9862 0.5029 0.9851 0.9872 0.983  0.9857
 0.9855 0.984  0.986  0.9847 0.9862 0.9862 0.9846 0.9863 0.9855 0.985 ]
HPUF Median: 0.9855
HPUF Mean: 0.9370750000000001
Success Rate: 0.9
CRPs: 2251000
[0.9848 0.9792 0.9786 0.9794 0.9858 0.9851 0.9812 0.9853 0.9794 0.9836
 0.9856 0.9848 0.9805 0.9849 0.9837 0.984  0.978  0.982  0.9796 0.9825]
HPUF Median: 0.98305
HPUF Mean: 0.9824000000000002
Success Rate: 1.0
CRPs: 2501000
[0.9872 0.9869 0.9821 0.9825 0.9834 0.5036 0.9837 0.9839 0.984  0.4972
 0.9841 0.9878 0.9854 0.9827 0.9815 0.9812 0.9865 0.9829 0.9832 0.985 ]
HPUF Median: 0.98355
HPUF Mean: 0.93574
Success Rate: 0.9
CRPs: 2751000
[0.9864 0.9845 0.9846 0.9825 0.983  0.9852 0.986  0.9875 0.9832 0.9832
 0.9851 0.9865 0.9817 0.9865 0.9841 0.984  0.9852 0.9837 0.9869 0.984 ]
HPUF Median: 0.98455
HPUF Mean: 0.9846899999999998
Success Rate: 1.0
CRPs: 3001000
[0.9831 0.9832 0.9828 0.986  0.9826 0.9873 0.9873 0.9869 0.9856 0.9836
 0.9878 0.9848 0.9853 0.9831 0.9842 0.9814 0.9807 0.9849 0.9832 0.98  ]
HPUF Median: 0.9839
HPUF Mean: 0.9841900000000001
Success Rate: 1.0
CRPs: 3251000
[0.9818 0.9812 0.9847 0.9853 0.9851 0.9866 0.985  0.9834 0.9845 0.9872
 0.9864 0.9848 0.9846 0.9862 0.9867 0.9842 0.9873 0.9832 0.9863 0.9846]
HPUF Median: 0.9849
HPUF Mean: 0.984955
Success Rate: 1.0
CRPs: 3501000
[0.9844 0.9826 0.9875 0.9853 0.9861 0.9876 0.985  0.9861 0.9847 0.9862
 0.9845 0.9814 0.9846 0.9878 0.9834 0.9876 0.9832 0.986  0.9812 0.9827]
HPUF Median: 0.98485
HPUF Mean: 0.9848950000000001
Success Rate: 1.0
CRPs: 3751000
[0.9829 0.9843 0.9864 0.9835 0.9861 0.9863 0.9844 0.9864 0.9851 0.985
 0.9859 0.9812 0.9871 0.9802 0.9865 0.985  0.984  0.9846 0.9863 0.9882]
HPUF Median: 0.98505
HPUF Mean: 0.9849699999999999
Success Rate: 1.0
CRPs: 4001000
[0.9857 0.9856 0.9834 0.987  0.9849 0.9857 0.9845 0.9827 0.9863 0.9846
 0.9802 0.9854 0.9832 0.986  0.9867 0.9872 0.9826 0.9864 0.9863 0.9872]
HPUF Median: 0.98565
HPUF Mean: 0.9850800000000002
Success Rate: 1.0
CRPs: 4251000
[0.9856 0.9833 0.9858 0.9871 0.9837 0.9847 0.988  0.981  0.9852 0.9871
 0.9864 0.9856 0.9831 0.9804 0.9874 0.9839 0.9809 0.9864 0.9857 0.984 ]
HPUF Median: 0.9854
HPUF Mean: 0.9847650000000001
Success Rate: 1.0
CRPs: 4501000
[0.9862 0.9888 0.9865 0.9845 0.9823 0.9852 0.9844 0.9878 0.983  0.9885
 0.9885 0.9845 0.9835 0.9866 0.9869 0.9862 0.9831 0.9864 0.9872 0.9823]
HPUF Median: 0.9862
HPUF Mean: 0.9856199999999999
Success Rate: 1.0
CRPs: 4751000
[0.9844 0.9849 0.984  0.9878 0.9865 0.9878 0.983  0.9867 0.9837 0.9888
 0.9881 0.9855 0.9843 0.9872 0.9843 0.9845 0.9873 0.9847 0.9815 0.9803]
HPUF Median: 0.9848
HPUF Mean: 0.9852650000000001
Success Rate: 1.0
Adaptive Query: 2.275
