CRPs: 1000
[0.49222222 0.50222222 0.49888889 0.49555556 0.51111111 0.51222222
 0.47888889 0.52666667 0.50222222 0.52222222 0.51111111 0.52888889
 0.50555556 0.48555556 0.48555556 0.51333333 0.49       0.45111111
 0.48666667 0.53666667]
HPUF Median: 0.5022222222222222
HPUF Mean: 0.5018333333333334
Success Rate: 0.0
CRPs: 33500
[0.5112 0.4995 0.5012 0.5013 0.5003 0.5055 0.5013 0.5063 0.4906 0.4952
 0.4941 0.4998 0.4931 0.4935 0.4932 0.4984 0.4983 0.4962 0.496  0.507 ]
HPUF Median: 0.49895
HPUF Mean: 0.4991
Success Rate: 0.0
CRPs: 66000
[0.4985 0.4955 0.4893 0.4994 0.4978 0.5063 0.4951 0.5012 0.5027 0.4976
 0.5071 0.5032 0.5006 0.5012 0.4988 0.4977 0.5007 0.4995 0.4979 0.5002]
HPUF Median: 0.49945
HPUF Mean: 0.4995149999999999
Success Rate: 0.0
CRPs: 98500
[0.4998 0.5013 0.5    0.507  0.5032 0.9804 0.4954 0.4961 0.4998 0.5023
 0.493  0.4976 0.5038 0.4958 0.4983 0.5049 0.4988 0.5023 0.5064 0.5064]
HPUF Median: 0.50065
HPUF Mean: 0.5246299999999999
Success Rate: 0.05
CRPs: 131000
[0.5015 0.5018 0.4884 0.4933 0.5002 0.4964 0.5073 0.5028 0.4892 0.502
 0.5002 0.4971 0.4961 0.4969 0.4921 0.4931 0.5053 0.495  0.5057 0.4955]
HPUF Median: 0.497
HPUF Mean: 0.49799499999999985
Success Rate: 0.0
CRPs: 163500
[0.4904 0.5054 0.4928 0.4966 0.4933 0.9855 0.5035 0.4995 0.49   0.4895
 0.5041 0.5068 0.5092 0.5048 0.4961 0.5062 0.4987 0.4959 0.5031 0.5112]
HPUF Median: 0.5013
HPUF Mean: 0.5241300000000001
Success Rate: 0.05
CRPs: 196000
[0.9819 0.5039 0.4982 0.5043 0.9879 0.5101 0.9886 0.5024 0.4986 0.5018
 0.9824 0.9838 0.5002 0.5002 0.4871 0.4944 0.4981 0.5036 0.502  0.5023]
HPUF Median: 0.50235
HPUF Mean: 0.6215900000000001
Success Rate: 0.25
CRPs: 228500
[0.9894 0.495  0.9845 0.4958 0.499  0.9876 0.5008 0.4972 0.9875 0.5065
 0.5046 0.4977 0.9888 0.4916 0.4947 0.4997 0.9861 0.5093 0.4915 0.4943]
HPUF Median: 0.50025
HPUF Mean: 0.6450800000000001
Success Rate: 0.3
CRPs: 261000
[0.5019 0.99   0.496  0.9891 0.9857 0.4961 0.4998 0.5014 0.5011 0.9896
 0.5074 0.502  0.5042 0.5035 0.9861 0.5063 0.4995 0.501  0.5019 0.4912]
HPUF Median: 0.50195
HPUF Mean: 0.6226899999999999
Success Rate: 0.25
CRPs: 293500
[0.9882 0.498  0.9882 0.5018 0.5016 0.9911 0.4972 0.4974 0.5059 0.508
 0.5014 0.9901 0.9899 0.502  0.5045 0.9897 0.9891 0.503  0.4996 0.4965]
HPUF Median: 0.5037499999999999
HPUF Mean: 0.67216
Success Rate: 0.35
CRPs: 326000
[0.4984 0.4995 0.5068 0.4996 0.5009 0.5051 0.9871 0.499  0.494  0.9912
 0.9884 0.4911 0.507  0.5002 0.9905 0.4958 0.9905 0.5054 0.9912 0.4984]
HPUF Median: 0.503
HPUF Mean: 0.6470049999999999
Success Rate: 0.3
CRPs: 358500
[0.9911 0.9908 0.501  0.5095 0.9897 0.9915 0.5009 0.4956 0.5042 0.4979
 0.9916 0.5063 0.4982 0.9901 0.9892 0.9896 0.9905 0.501  0.5037 0.5024]
HPUF Median: 0.5079
HPUF Mean: 0.72174
Success Rate: 0.45
CRPs: 391000
[0.9892 0.5011 0.4987 0.4973 0.4968 0.991  0.4957 0.9917 0.5051 0.9904
 0.9891 0.9885 0.9898 0.503  0.9901 0.4994 0.9909 0.9925 0.9896 0.4994]
HPUF Median: 0.9888
HPUF Mean: 0.769465
Success Rate: 0.55
CRPs: 423500
[0.9924 0.4976 0.501  0.9915 0.5031 0.5039 0.9914 0.9917 0.9902 0.4951
 0.9887 0.991  0.9927 0.9901 0.9924 0.4966 0.4966 0.991  0.991  0.9917]
HPUF Median: 0.9905999999999999
HPUF Mean: 0.818985
Success Rate: 0.65
CRPs: 456000
[0.9896 0.9919 0.9907 0.989  0.9895 0.9912 0.9902 0.9912 0.9904 0.989
 0.9917 0.9921 0.502  0.9928 0.9932 0.9913 0.9906 0.5019 0.9906 0.9916]
HPUF Median: 0.99065
HPUF Mean: 0.9420249999999999
Success Rate: 0.9
CRPs: 488500
[0.993  0.9917 0.9916 0.9921 0.9922 0.9919 0.9915 0.9922 0.9926 0.9919
 0.9927 0.9914 0.9919 0.9904 0.9887 0.9912 0.9912 0.9919 0.9921 0.9906]
HPUF Median: 0.9919
HPUF Mean: 0.9916400000000001
Success Rate: 1.0
CRPs: 521000
[0.9915 0.9922 0.9922 0.9923 0.9918 0.9917 0.9915 0.9914 0.9903 0.9921
 0.9914 0.9907 0.5126 0.9907 0.9884 0.9897 0.9933 0.4974 0.9905 0.9912]
HPUF Median: 0.9914
HPUF Mean: 0.9426450000000001
Success Rate: 0.9
CRPs: 553500
[0.9895 0.9924 0.499  0.9898 0.9925 0.9903 0.5091 0.9931 0.9881 0.9918
 0.9916 0.9936 0.9833 0.9917 0.9924 0.9926 0.9896 0.9924 0.9931 0.9655]
HPUF Median: 0.99165
HPUF Mean: 0.9410699999999999
Success Rate: 0.9
CRPs: 586000
[0.9922 0.9878 0.9935 0.992  0.9912 0.9925 0.9935 0.9925 0.9925 0.991
 0.9923 0.993  0.9905 0.9925 0.9913 0.9923 0.9906 0.9931 0.9917 0.9915]
HPUF Median: 0.99225
HPUF Mean: 0.991875
Success Rate: 1.0
CRPs: 618500
[0.9916 0.9929 0.9912 0.9907 0.9925 0.9928 0.9919 0.9933 0.9914 0.9927
 0.9926 0.9918 0.992  0.9914 0.9916 0.9919 0.993  0.9926 0.9928 0.9918]
HPUF Median: 0.99195
HPUF Mean: 0.992125
Success Rate: 1.0
CRPs: 1000
[0.50111111 0.52       0.52       0.52555556 0.51       0.48555556
 0.50111111 0.55333333 0.51111111 0.51444444 0.49888889 0.49111111
 0.54       0.5        0.5        0.47555556 0.50777778 0.51555556
 0.47444444 0.51777778]
HPUF Median: 0.508888888888889
HPUF Mean: 0.5081666666666667
Success Rate: 0.0
CRPs: 33500
[0.4942 0.5018 0.4889 0.4994 0.5006 0.4938 0.4987 0.5009 0.5002 0.5037
 0.4903 0.5031 0.5067 0.5019 0.4997 0.5015 0.4977 0.4951 0.5005 0.5042]
HPUF Median: 0.50035
HPUF Mean: 0.49914500000000006
Success Rate: 0.0
CRPs: 66000
[0.5018 0.5113 0.4972 0.494  0.4967 0.5018 0.502  0.5027 0.5012 0.503
 0.4982 0.4948 0.5043 0.4961 0.5092 0.4903 0.4975 0.5055 0.5079 0.5044]
HPUF Median: 0.5018
HPUF Mean: 0.500995
Success Rate: 0.0
CRPs: 98500
[0.4954 0.4993 0.4973 0.5084 0.4979 0.4995 0.4991 0.4938 0.5001 0.5057
 0.5053 0.4971 0.5003 0.5045 0.5025 0.497  0.5    0.4968 0.5003 0.4903]
HPUF Median: 0.4994
HPUF Mean: 0.4995299999999999
Success Rate: 0.0
CRPs: 131000
[0.4978 0.5031 0.4967 0.4997 0.5037 0.4947 0.5039 0.496  0.4977 0.5002
 0.5078 0.5295 0.5038 0.5055 0.5037 0.5002 0.5068 0.5045 0.4962 0.5023]
HPUF Median: 0.5026999999999999
HPUF Mean: 0.5026900000000001
Success Rate: 0.0
CRPs: 163500
[0.4935 0.986  0.4951 0.5009 0.5029 0.4964 0.5025 0.4938 0.5103 0.9809
 0.4985 0.4942 0.4971 0.4944 0.508  0.4983 0.4981 0.5094 0.4987 0.4931]
HPUF Median: 0.4984
HPUF Mean: 0.547605
Success Rate: 0.1
CRPs: 196000
[0.4974 0.9768 0.9867 0.5023 0.5003 0.5117 0.5003 0.4978 0.4952 0.5025
 0.5081 0.9809 0.501  0.5002 0.498  0.4945 0.5001 0.5076 0.4996 0.4991]
HPUF Median: 0.5003
HPUF Mean: 0.573005
Success Rate: 0.15
CRPs: 228500
[0.9758 0.5034 0.5045 0.9878 0.4974 0.5137 0.5093 0.5162 0.5009 0.4992
 0.5005 0.5061 0.9869 0.99   0.5052 0.4954 0.9873 0.5047 0.9861 0.9837]
HPUF Median: 0.5077
HPUF Mean: 0.672705
Success Rate: 0.35
CRPs: 261000
[0.9895 0.9883 0.501  0.9895 0.988  0.5011 0.5065 0.9906 0.9894 0.5018
 0.5078 0.4929 0.5017 0.5069 0.9883 0.9859 0.9883 0.5033 0.9893 0.9869]
HPUF Median: 0.9863999999999999
HPUF Mean: 0.7698500000000001
Success Rate: 0.55
CRPs: 293500
[0.5015 0.9854 0.991  0.9887 0.5053 0.989  0.989  0.9892 0.9853 0.9864
 0.4964 0.9879 0.5087 0.5022 0.4989 0.9892 0.9904 0.5037 0.989  0.4996]
HPUF Median: 0.9859
HPUF Mean: 0.79384
Success Rate: 0.6
CRPs: 326000
[0.9898 0.9859 0.988  0.4996 0.9898 0.9867 0.5019 0.9897 0.9917 0.9886
 0.9909 0.9875 0.5031 0.4976 0.9904 0.9906 0.5091 0.9889 0.4961 0.9902]
HPUF Median: 0.9883
HPUF Mean: 0.842805
Success Rate: 0.7
CRPs: 358500
[0.991  0.9907 0.5059 0.9902 0.9878 0.9875 0.9906 0.9907 0.9918 0.9884
 0.5054 0.9892 0.5012 0.9885 0.9941 0.9913 0.5003 0.4976 0.9881 0.9904]
HPUF Median: 0.98885
HPUF Mean: 0.8680350000000001
Success Rate: 0.75
CRPs: 391000
[0.986  0.9917 0.9864 0.9899 0.9799 0.5039 0.9899 0.9877 0.4981 0.5002
 0.9886 0.991  0.5062 0.9923 0.9896 0.992  0.5061 0.9918 0.9917 0.5102]
HPUF Median: 0.9881500000000001
HPUF Mean: 0.8436600000000001
Success Rate: 0.7
CRPs: 423500
[0.991  0.9908 0.991  0.9912 0.9923 0.9914 0.5143 0.9908 0.9909 0.9914
 0.9924 0.9918 0.9906 0.9916 0.9902 0.9899 0.9902 0.5111 0.9921 0.9921]
HPUF Median: 0.991
HPUF Mean: 0.943355
Success Rate: 0.9
CRPs: 456000
[0.9897 0.9909 0.9922 0.988  0.9905 0.9932 0.9934 0.9908 0.9918 0.9918
 0.5026 0.9909 0.9892 0.5026 0.9906 0.4966 0.9924 0.9899 0.9905 0.99  ]
HPUF Median: 0.99055
HPUF Mean: 0.91738
Success Rate: 0.85
CRPs: 488500
[0.9907 0.9916 0.5003 0.9928 0.9918 0.9907 0.9912 0.993  0.503  0.5019
 0.9896 0.9911 0.9905 0.9899 0.9918 0.9893 0.9904 0.9903 0.9876 0.99  ]
HPUF Median: 0.99045
HPUF Mean: 0.917375
Success Rate: 0.85
CRPs: 521000
[0.9903 0.993  0.9912 0.5018 0.9918 0.9917 0.9923 0.9907 0.9913 0.9917
 0.9906 0.9915 0.9921 0.9933 0.5005 0.991  0.9924 0.9891 0.9892 0.9914]
HPUF Median: 0.99135
HPUF Mean: 0.9423449999999999
Success Rate: 0.9
CRPs: 553500
[0.9926 0.9909 0.9924 0.9929 0.9907 0.9886 0.993  0.9933 0.9875 0.9926
 0.991  0.9908 0.9928 0.9915 0.9923 0.9917 0.9931 0.9918 0.9918 0.992 ]
HPUF Median: 0.9919
HPUF Mean: 0.9916650000000002
Success Rate: 1.0
CRPs: 586000
[0.9918 0.991  0.9917 0.992  0.9893 0.9921 0.9908 0.9918 0.9907 0.9913
 0.9914 0.9924 0.9928 0.9919 0.9916 0.9907 0.991  0.9919 0.992  0.9916]
HPUF Median: 0.99165
HPUF Mean: 0.99149
Success Rate: 1.0
CRPs: 618500
[0.9925 0.9925 0.992  0.9915 0.9908 0.9925 0.992  0.9925 0.9923 0.9934
 0.9931 0.9922 0.9928 0.9938 0.9922 0.9913 0.9923 0.9921 0.9921 0.9894]
HPUF Median: 0.99225
HPUF Mean: 0.992165
Success Rate: 1.0
