CRPs: 1000
[0.50111111 0.52888889 0.49111111 0.52       0.48       0.50888889
 0.52       0.50555556 0.49111111 0.48333333 0.53111111 0.48888889
 0.50222222 0.49111111 0.51       0.50444444 0.51       0.47
 0.49888889 0.51111111]
HPUF Median: 0.5033333333333334
HPUF Mean: 0.5023888888888889
Success Rate: 0.0
CRPs: 11000
[0.49707071 0.50414141 0.49727273 0.49313131 0.49464646 0.51979798
 0.50282828 0.50040404 0.50838384 0.48919192 0.50020202 0.49636364
 0.49929293 0.49727273 0.50131313 0.50727273 0.51353535 0.51979798
 0.53616162 0.49767677]
HPUF Median: 0.5003030303030302
HPUF Mean: 0.5037878787878787
Success Rate: 0.0
CRPs: 21000
[0.4999 0.9349 0.503  0.9535 0.9574 0.5042 0.5071 0.4943 0.5108 0.9534
 0.5064 0.4965 0.5013 0.9517 0.5009 0.5018 0.4971 0.5028 0.506  0.5053]
HPUF Median: 0.50475
HPUF Mean: 0.614415
Success Rate: 0.2
CRPs: 31000
[0.9678 0.9473 0.9723 0.971  0.4953 0.5151 0.9674 0.9534 0.965  0.9604
 0.5088 0.5096 0.9226 0.5039 0.9524 0.5171 0.9662 0.4897 0.5055 0.9675]
HPUF Median: 0.9498500000000001
HPUF Mean: 0.7779149999999999
Success Rate: 0.5
CRPs: 41000
[0.4925 0.9737 0.9734 0.9671 0.5007 0.5142 0.9769 0.5184 0.973  0.9744
 0.9754 0.9745 0.5    0.976  0.5077 0.4982 0.9753 0.9719 0.5808 0.9755]
HPUF Median: 0.97245
HPUF Mean: 0.78998
Success Rate: 0.6
CRPs: 51000
[0.9779 0.5128 0.9764 0.7157 0.9767 0.5801 0.9774 0.9798 0.5105 0.9781
 0.9792 0.9753 0.9812 0.9801 0.9817 0.979  0.9773 0.9798 0.9759 0.5192]
HPUF Median: 0.9773499999999999
HPUF Mean: 0.875705
Success Rate: 0.75
CRPs: 61000
[0.9827 0.9805 0.9804 0.9821 0.9797 0.9789 0.9833 0.9818 0.9843 0.9787
 0.9813 0.9844 0.9816 0.9792 0.979  0.9818 0.9807 0.9797 0.9836 0.9834]
HPUF Median: 0.9814499999999999
HPUF Mean: 0.981355
Success Rate: 1.0
CRPs: 71000
[0.9833 0.9841 0.9819 0.9828 0.9852 0.9852 0.9838 0.9822 0.9839 0.9831
 0.985  0.981  0.985  0.9831 0.984  0.985  0.9835 0.9799 0.9824 0.9772]
HPUF Median: 0.9834
HPUF Mean: 0.98308
Success Rate: 1.0
CRPs: 81000
[0.9841 0.9852 0.9847 0.986  0.9814 0.985  0.987  0.9877 0.9839 0.9851
 0.9834 0.9838 0.9869 0.9855 0.9849 0.9866 0.9849 0.9815 0.9856 0.9855]
HPUF Median: 0.98505
HPUF Mean: 0.9849350000000001
Success Rate: 1.0
CRPs: 91000
[0.9852 0.9852 0.9878 0.986  0.9842 0.9847 0.9884 0.985  0.9833 0.9845
 0.986  0.9853 0.9858 0.9842 0.9864 0.9855 0.9849 0.9856 0.9849 0.9832]
HPUF Median: 0.9852
HPUF Mean: 0.9853050000000001
Success Rate: 1.0
CRPs: 101000
[0.7114 0.7102 0.9871 0.9866 0.9877 0.9852 0.9867 0.985  0.9859 0.9865
 0.9887 0.9861 0.9866 0.9859 0.9859 0.9867 0.9864 0.9886 0.9847 0.987 ]
HPUF Median: 0.98645
HPUF Mean: 0.9589449999999999
Success Rate: 0.9
CRPs: 111000
[0.9863 0.9863 0.9866 0.9877 0.9906 0.9873 0.987  0.9866 0.9891 0.9874
 0.9868 0.9885 0.9862 0.987  0.9867 0.9879 0.9884 0.9886 0.9891 0.9884]
HPUF Median: 0.98735
HPUF Mean: 0.9876250000000001
Success Rate: 1.0
CRPs: 121000
[0.9893 0.9859 0.9883 0.6982 0.9883 0.9886 0.9898 0.9878 0.9899 0.9887
 0.9891 0.9882 0.9879 0.9884 0.9881 0.9887 0.9887 0.9866 0.9894 0.9886]
HPUF Median: 0.9884999999999999
HPUF Mean: 0.973925
Success Rate: 0.95
CRPs: 131000
[0.9892 0.9894 0.9908 0.9875 0.9882 0.9893 0.9883 0.99   0.99   0.989
 0.987  0.9882 0.9891 0.9882 0.9898 0.9897 0.988  0.9906 0.9886 0.9885]
HPUF Median: 0.98905
HPUF Mean: 0.9889699999999999
Success Rate: 1.0
CRPs: 141000
[0.9888 0.9897 0.9895 0.9911 0.9894 0.9885 0.9897 0.9892 0.9872 0.9894
 0.9891 0.9901 0.9881 0.9898 0.9882 0.9889 0.9863 0.9889 0.9891 0.9909]
HPUF Median: 0.98915
HPUF Mean: 0.9890950000000001
Success Rate: 1.0
CRPs: 151000
[0.9919 0.9904 0.9893 0.9912 0.9904 0.9892 0.989  0.9877 0.9881 0.9908
 0.9912 0.7056 0.99   0.9885 0.9892 0.9907 0.9896 0.9894 0.9895 0.9911]
HPUF Median: 0.98955
HPUF Mean: 0.97564
Success Rate: 0.95
CRPs: 161000
[0.9925 0.9894 0.9894 0.9914 0.9902 0.9904 0.9897 0.9917 0.9884 0.9926
 0.991  0.9913 0.9903 0.9906 0.9891 0.9918 0.9902 0.9915 0.992  0.9881]
HPUF Median: 0.9904999999999999
HPUF Mean: 0.9905799999999999
Success Rate: 1.0
CRPs: 171000
[0.9888 0.9907 0.9892 0.9917 0.9912 0.9918 0.9901 0.9894 0.9908 0.9905
 0.9903 0.9906 0.9899 0.9907 0.732  0.9899 0.9917 0.9886 0.9919 0.9913]
HPUF Median: 0.99055
HPUF Mean: 0.9775550000000001
Success Rate: 0.95
CRPs: 181000
[0.9898 0.9915 0.9923 0.9909 0.9915 0.9928 0.9912 0.9905 0.9917 0.991
 0.9921 0.9909 0.9896 0.9911 0.9894 0.991  0.9901 0.9911 0.9922 0.9896]
HPUF Median: 0.99105
HPUF Mean: 0.991015
Success Rate: 1.0
CRPs: 191000
[0.9908 0.9907 0.9907 0.9917 0.9917 0.9912 0.9899 0.9922 0.991  0.9896
 0.9909 0.9925 0.9909 0.9912 0.9888 0.9928 0.9929 0.9903 0.9908 0.9915]
HPUF Median: 0.99095
HPUF Mean: 0.9911049999999999
Success Rate: 1.0
CRPs: 1000
[0.50888889 0.51555556 0.47666667 0.51       0.49222222 0.50888889
 0.49888889 0.5        0.51222222 0.53888889 0.50222222 0.48222222
 0.48222222 0.48888889 0.48555556 0.50666667 0.51111111 0.47777778
 0.50888889 0.51111111]
HPUF Median: 0.5044444444444445
HPUF Mean: 0.5009444444444444
Success Rate: 0.0
CRPs: 11000
[0.49646465 0.50313131 0.49666667 0.51383838 0.50111111 0.50434343
 0.50343434 0.50969697 0.50353535 0.50939394 0.50050505 0.50232323
 0.5040404  0.50464646 0.50444444 0.50535354 0.49777778 0.49939394
 0.50121212 0.50090909]
HPUF Median: 0.5032828282828283
HPUF Mean: 0.5031111111111112
Success Rate: 0.0
CRPs: 21000
[0.9617 0.4971 0.5023 0.508  0.8866 0.506  0.5019 0.9395 0.4984 0.505
 0.9586 0.5015 0.5068 0.5012 0.5043 0.5084 0.5035 0.5054 0.4964 0.51  ]
HPUF Median: 0.5052
HPUF Mean: 0.59013
Success Rate: 0.1
CRPs: 31000
[0.4903 0.4975 0.5075 0.5019 0.9659 0.5048 0.9704 0.9655 0.5086 0.5122
 0.696  0.5012 0.5062 0.6505 0.5036 0.9651 0.509  0.4994 0.4943 0.5084]
HPUF Median: 0.5079499999999999
HPUF Mean: 0.612915
Success Rate: 0.2
CRPs: 41000
[0.4941 0.9639 0.9732 0.9747 0.9735 0.9688 0.9695 0.9746 0.9734 0.9718
 0.5245 0.5142 0.5051 0.9724 0.9764 0.9708 0.5044 0.9746 0.9692 0.5179]
HPUF Median: 0.9701500000000001
HPUF Mean: 0.83335
Success Rate: 0.7
CRPs: 51000
[0.5563 0.9729 0.977  0.9783 0.5053 0.9739 0.9751 0.9738 0.9653 0.978
 0.5119 0.9563 0.5032 0.5025 0.514  0.9767 0.5351 0.9794 0.9776 0.5001]
HPUF Median: 0.9691000000000001
HPUF Mean: 0.7906350000000001
Success Rate: 0.6
CRPs: 61000
[0.9782 0.6519 0.9815 0.9789 0.9787 0.9797 0.9763 0.9825 0.9784 0.98
 0.9653 0.9789 0.9813 0.9808 0.5067 0.9805 0.9799 0.9808 0.9791 0.4915]
HPUF Median: 0.979
HPUF Mean: 0.9145449999999998
Success Rate: 0.85
CRPs: 71000
[0.9828 0.9798 0.7019 0.9824 0.9834 0.9841 0.9695 0.9838 0.9839 0.9749
 0.9823 0.9824 0.5122 0.9728 0.9846 0.9843 0.984  0.984  0.4948 0.9822]
HPUF Median: 0.9824
HPUF Mean: 0.919505
Success Rate: 0.85
CRPs: 81000
[0.9846 0.9867 0.9858 0.9843 0.9841 0.9884 0.985  0.9849 0.9845 0.9823
 0.9811 0.7082 0.986  0.9864 0.9863 0.9867 0.732  0.9841 0.9828 0.9707]
HPUF Median: 0.98455
HPUF Mean: 0.9577450000000003
Success Rate: 0.9
CRPs: 91000
[0.988  0.9866 0.9857 0.986  0.9878 0.9863 0.9857 0.9839 0.9849 0.5032
 0.9859 0.9836 0.9835 0.983  0.9849 0.9854 0.5067 0.9842 0.9848 0.9847]
HPUF Median: 0.9849
HPUF Mean: 0.9372400000000001
Success Rate: 0.9
CRPs: 101000
[0.9815 0.9883 0.9874 0.9866 0.9857 0.9873 0.9873 0.9888 0.9876 0.9874
 0.9891 0.7068 0.9859 0.9895 0.7188 0.7103 0.9882 0.988  0.9874 0.9876]
HPUF Median: 0.9874
HPUF Mean: 0.945975
Success Rate: 0.85
CRPs: 111000
[0.9884 0.9857 0.9866 0.9904 0.9884 0.9886 0.9863 0.9872 0.9883 0.9883
 0.9867 0.9873 0.9873 0.9883 0.987  0.9873 0.9857 0.9855 0.9883 0.989 ]
HPUF Median: 0.9873
HPUF Mean: 0.9875299999999999
Success Rate: 1.0
CRPs: 121000
[0.9894 0.9906 0.9871 0.99   0.9882 0.9889 0.7092 0.7096 0.9857 0.9869
 0.9881 0.9898 0.9894 0.9868 0.9887 0.9897 0.9879 0.9887 0.9885 0.9902]
HPUF Median: 0.9886
HPUF Mean: 0.9606700000000001
Success Rate: 0.9
CRPs: 131000
[0.9878 0.9897 0.9877 0.9889 0.9893 0.9883 0.9892 0.9887 0.9896 0.9914
 0.9881 0.9862 0.9889 0.9874 0.9885 0.9879 0.9894 0.7056 0.9889 0.9887]
HPUF Median: 0.9887
HPUF Mean: 0.9745100000000001
Success Rate: 0.95
CRPs: 141000
[0.9914 0.99   0.9896 0.9879 0.9902 0.9908 0.9907 0.989  0.9904 0.7003
 0.715  0.9905 0.9898 0.9913 0.9916 0.9887 0.9882 0.9897 0.9886 0.9874]
HPUF Median: 0.98975
HPUF Mean: 0.961555
Success Rate: 0.9
CRPs: 151000
[0.9902 0.9907 0.9912 0.9915 0.9896 0.9897 0.9904 0.9879 0.9919 0.9904
 0.9901 0.9884 0.9917 0.9895 0.9905 0.9906 0.9864 0.9892 0.9907 0.9902]
HPUF Median: 0.9903
HPUF Mean: 0.9900400000000001
Success Rate: 1.0
CRPs: 161000
[0.9928 0.9913 0.9924 0.9905 0.992  0.991  0.9904 0.9913 0.9911 0.9912
 0.713  0.9922 0.9895 0.9896 0.9901 0.9917 0.9925 0.9902 0.9919 0.9907]
HPUF Median: 0.99115
HPUF Mean: 0.9772700000000002
Success Rate: 0.95
CRPs: 171000
[0.9919 0.9907 0.9889 0.9907 0.9898 0.9898 0.9911 0.9894 0.9906 0.9905
 0.9865 0.9907 0.9908 0.9903 0.9901 0.9913 0.9908 0.9916 0.9888 0.9919]
HPUF Median: 0.99065
HPUF Mean: 0.99031
Success Rate: 1.0
CRPs: 181000
[0.9925 0.9917 0.9932 0.9886 0.9916 0.9892 0.9905 0.9914 0.9931 0.9899
 0.9903 0.9909 0.9914 0.991  0.7304 0.9899 0.9912 0.9903 0.9906 0.9916]
HPUF Median: 0.99095
HPUF Mean: 0.977965
Success Rate: 0.95
CRPs: 191000
[0.9902 0.9904 0.9932 0.9906 0.9928 0.9914 0.9912 0.991  0.9913 0.9905
 0.9898 0.9912 0.9905 0.9917 0.9914 0.9895 0.992  0.9909 0.9911 0.9903]
HPUF Median: 0.99105
HPUF Mean: 0.9910500000000001
Success Rate: 1.0
