CRPs: 1000
[0.51111111 0.49666667 0.50777778 0.48666667 0.49444444 0.48444444
 0.49222222 0.49555556 0.50333333 0.49333333 0.48888889 0.49
 0.51222222 0.52666667 0.49444444 0.50444444 0.50222222 0.5
 0.47555556 0.51111111]
HPUF Median: 0.4961111111111111
HPUF Mean: 0.4985555555555556
Success Rate: 0.0
CRPs: 251000
[0.4975 0.5024 0.4971 0.4916 0.5032 0.5037 0.4923 0.4968 0.4986 0.499
 0.5067 0.4845 0.5076 0.5117 0.4984 0.4994 0.4994 0.4962 0.5047 0.4978]
HPUF Median: 0.4988
HPUF Mean: 0.49942999999999993
Success Rate: 0.0
CRPs: 501000
[0.4959 0.5051 0.5043 0.5086 0.509  0.4933 0.5001 0.5052 0.5066 0.5083
 0.5042 0.4914 0.5026 0.4973 0.5006 0.4963 0.4967 0.4966 0.4922 0.495 ]
HPUF Median: 0.5003500000000001
HPUF Mean: 0.500465
Success Rate: 0.0
CRPs: 751000
[0.5089 0.4979 0.5071 0.4997 0.4985 0.4938 0.5067 0.4974 0.4948 0.5076
 0.4886 0.5047 0.5103 0.4932 0.4993 0.4991 0.5033 0.4994 0.4908 0.5021]
HPUF Median: 0.49935
HPUF Mean: 0.5001599999999999
Success Rate: 0.0
CRPs: 1001000
[0.508  0.5055 0.4957 0.4956 0.5014 0.4945 0.5013 0.4929 0.4997 0.4983
 0.5013 0.4893 0.5085 0.4964 0.4936 0.5099 0.4991 0.5025 0.4994 0.498 ]
HPUF Median: 0.49924999999999997
HPUF Mean: 0.4995449999999999
Success Rate: 0.0
CRPs: 1251000
[0.5008 0.5013 0.503  0.5001 0.5072 0.4995 0.5023 0.4994 0.4943 0.5019
 0.4969 0.499  0.4937 0.4983 0.4946 0.4894 0.5067 0.4981 0.9901 0.5101]
HPUF Median: 0.4998
HPUF Mean: 0.524335
Success Rate: 0.05
CRPs: 1501000
[0.9902 0.5024 0.4906 0.4959 0.5046 0.5031 0.4996 0.5028 0.5023 0.4994
 0.5117 0.4934 0.991  0.4962 0.4946 0.5031 0.4918 0.5017 0.5073 0.9906]
HPUF Median: 0.50235
HPUF Mean: 0.573615
Success Rate: 0.15
CRPs: 1751000
[0.5109 0.5013 0.9902 0.9911 0.4923 0.9906 0.5075 0.4954 0.4995 0.4995
 0.495  0.511  0.4932 0.5082 0.4978 0.9912 0.5038 0.497  0.507  0.4924]
HPUF Median: 0.50255
HPUF Mean: 0.598745
Success Rate: 0.2
CRPs: 2001000
[0.991  0.991  0.5034 0.4994 0.4953 0.5019 0.5111 0.5058 0.9913 0.4958
 0.5004 0.5013 0.5019 0.5061 0.5012 0.5019 0.9903 0.4996 0.5096 0.4935]
HPUF Median: 0.5019
HPUF Mean: 0.5995899999999998
Success Rate: 0.2
CRPs: 2251000
[0.4884 0.9913 0.9929 0.9929 0.9907 0.9926 0.9929 0.4967 0.4966 0.9928
 0.9926 0.9917 0.9921 0.9932 0.9901 0.9922 0.9919 0.9926 0.4954 0.9833]
HPUF Median: 0.992
HPUF Mean: 0.892145
Success Rate: 0.8
CRPs: 2501000
[0.9924 0.9901 0.9941 0.9883 0.988  0.9906 0.9924 0.9928 0.5069 0.9938
 0.9934 0.9929 0.9896 0.9931 0.4953 0.992  0.9921 0.992  0.9924 0.507 ]
HPUF Median: 0.99205
HPUF Mean: 0.9184600000000002
Success Rate: 0.85
CRPs: 2751000
[0.9944 0.9927 0.9933 0.9917 0.9927 0.9905 0.9919 0.9924 0.9923 0.991
 0.9925 0.9937 0.993  0.9919 0.9944 0.9924 0.9917 0.9918 0.9923 0.9912]
HPUF Median: 0.99235
HPUF Mean: 0.99239
Success Rate: 1.0
CRPs: 3001000
[0.9945 0.9922 0.9929 0.9938 0.9948 0.9926 0.9932 0.9917 0.9932 0.9927
 0.9926 0.9939 0.9942 0.9921 0.9934 0.9942 0.9924 0.9939 0.9948 0.9937]
HPUF Median: 0.9933
HPUF Mean: 0.9933400000000001
Success Rate: 1.0
CRPs: 3251000
[0.9943 0.9927 0.9923 0.9944 0.9925 0.9935 0.9928 0.9936 0.9945 0.9925
 0.9925 0.9934 0.993  0.9924 0.9939 0.9938 0.9937 0.9936 0.9928 0.9954]
HPUF Median: 0.9934499999999999
HPUF Mean: 0.9933799999999999
Success Rate: 1.0
CRPs: 3501000
[0.9949 0.9936 0.9927 0.9943 0.9936 0.9936 0.9947 0.9933 0.9928 0.9944
 0.9925 0.993  0.9931 0.9938 0.9932 0.9946 0.9915 0.9934 0.9921 0.9931]
HPUF Median: 0.99335
HPUF Mean: 0.9934099999999999
Success Rate: 1.0
CRPs: 3751000
[0.9931 0.9943 0.9908 0.9931 0.9924 0.994  0.9931 0.994  0.9928 0.994
 0.9942 0.9928 0.9933 0.9938 0.994  0.9926 0.9922 0.9924 0.9948 0.9934]
HPUF Median: 0.9932
HPUF Mean: 0.9932550000000001
Success Rate: 1.0
CRPs: 4001000
[0.9931 0.9913 0.9939 0.994  0.9965 0.9934 0.9943 0.9933 0.9937 0.9932
 0.9948 0.9941 0.9921 0.9924 0.9933 0.9918 0.9946 0.9917 0.992  0.9944]
HPUF Median: 0.99335
HPUF Mean: 0.9933949999999999
Success Rate: 1.0
CRPs: 4251000
[0.9928 0.9944 0.993  0.994  0.9934 0.9931 0.9928 0.9941 0.9927 0.9922
 0.9922 0.9944 0.9936 0.9938 0.9949 0.9928 0.9932 0.9922 0.9929 0.9947]
HPUF Median: 0.99315
HPUF Mean: 0.99336
Success Rate: 1.0
CRPs: 4501000
[0.9938 0.9949 0.9937 0.9937 0.9947 0.9927 0.9942 0.9943 0.9926 0.9935
 0.9938 0.9916 0.9938 0.9945 0.9934 0.9931 0.9939 0.9945 0.9933 0.9946]
HPUF Median: 0.9938
HPUF Mean: 0.99373
Success Rate: 1.0
CRPs: 4751000
[0.9929 0.9935 0.9935 0.9937 0.9929 0.9935 0.992  0.993  0.9919 0.9946
 0.9942 0.9944 0.9944 0.9946 0.994  0.9929 0.9926 0.9949 0.9948 0.9944]
HPUF Median: 0.9936
HPUF Mean: 0.993635
Success Rate: 1.0
CRPs: 1000
[0.49555556 0.48444444 0.48777778 0.51       0.50666667 0.50333333
 0.47777778 0.49333333 0.49333333 0.49       0.5        0.49555556
 0.47777778 0.49444444 0.50111111 0.48888889 0.52666667 0.50111111
 0.49111111 0.50777778]
HPUF Median: 0.495
HPUF Mean: 0.4963333333333334
Success Rate: 0.0
CRPs: 251000
[0.4958 0.5006 0.4999 0.498  0.5089 0.4911 0.5032 0.5037 0.4928 0.5076
 0.5033 0.4988 0.4996 0.4977 0.4964 0.4945 0.5063 0.5082 0.5019 0.4982]
HPUF Median: 0.49975
HPUF Mean: 0.5003249999999999
Success Rate: 0.0
CRPs: 501000
[0.4958 0.5016 0.4922 0.5033 0.493  0.5048 0.4969 0.5068 0.4944 0.5008
 0.5045 0.4954 0.5063 0.503  0.4949 0.4981 0.5038 0.498  0.503  0.4947]
HPUF Median: 0.49945
HPUF Mean: 0.4995649999999999
Success Rate: 0.0
CRPs: 751000
[0.4989 0.4974 0.4944 0.4957 0.4907 0.5046 0.5041 0.501  0.5026 0.4989
 0.5127 0.5086 0.5019 0.4927 0.499  0.5078 0.502  0.4993 0.4981 0.4994]
HPUF Median: 0.49935
HPUF Mean: 0.50049
Success Rate: 0.0
CRPs: 1001000
[0.4962 0.4942 0.5066 0.5018 0.4946 0.5041 0.4969 0.9893 0.498  0.5055
 0.5006 0.5052 0.494  0.4925 0.4964 0.4986 0.5041 0.4981 0.5022 0.509 ]
HPUF Median: 0.49960000000000004
HPUF Mean: 0.5243950000000001
Success Rate: 0.05
CRPs: 1251000
[0.5031 0.5007 0.5028 0.4991 0.4922 0.4936 0.5044 0.4953 0.498  0.4892
 0.4992 0.504  0.4927 0.4955 0.5032 0.5021 0.4979 0.4925 0.496  0.4952]
HPUF Median: 0.49795
HPUF Mean: 0.49783499999999997
Success Rate: 0.0
CRPs: 1501000
[0.5057 0.5002 0.5022 0.4986 0.4919 0.5045 0.4959 0.5007 0.493  0.5025
 0.5066 0.5019 0.4972 0.4956 0.4937 0.4865 0.5043 0.498  0.4977 0.4975]
HPUF Median: 0.49829999999999997
HPUF Mean: 0.49871
Success Rate: 0.0
CRPs: 1751000
[0.501  0.504  0.4989 0.5012 0.5039 0.4903 0.4943 0.5031 0.5042 0.5005
 0.5002 0.9917 0.5036 0.4936 0.5028 0.5012 0.5012 0.4993 0.5054 0.9914]
HPUF Median: 0.5012
HPUF Mean: 0.54959
Success Rate: 0.1
CRPs: 2001000
[0.4978 0.4933 0.5004 0.9904 0.4937 0.4964 0.5033 0.9896 0.4972 0.5042
 0.4959 0.495  0.5034 0.5087 0.4983 0.5024 0.5093 0.4984 0.5049 0.4955]
HPUF Median: 0.49939999999999996
HPUF Mean: 0.5489049999999999
Success Rate: 0.1
CRPs: 2251000
[0.9898 0.5057 0.4958 0.5042 0.9912 0.9939 0.486  0.4954 0.9908 0.9909
 0.4917 0.5081 0.9899 0.5031 0.4912 0.4976 0.4995 0.9928 0.988  0.9925]
HPUF Median: 0.5069
HPUF Mean: 0.719905
Success Rate: 0.45
CRPs: 2501000
[0.9858 0.4917 0.9909 0.5031 0.9917 0.992  0.4914 0.991  0.9928 0.5095
 0.5016 0.9904 0.4991 0.9924 0.4978 0.4979 0.4988 0.4889 0.4948 0.4992]
HPUF Median: 0.5023500000000001
HPUF Mean: 0.6950399999999999
Success Rate: 0.4
CRPs: 2751000
[0.9924 0.9916 0.9932 0.992  0.991  0.4941 0.9921 0.5049 0.9915 0.9923
 0.9907 0.5076 0.5059 0.9918 0.9918 0.9883 0.9916 0.9802 0.992  0.5017]
HPUF Median: 0.99155
HPUF Mean: 0.868835
Success Rate: 0.75
CRPs: 3001000
[0.9929 0.9921 0.9919 0.9928 0.9931 0.9943 0.9931 0.993  0.9935 0.9944
 0.9907 0.9932 0.9906 0.9955 0.9927 0.9931 0.9936 0.9915 0.9922 0.9925]
HPUF Median: 0.99295
HPUF Mean: 0.992835
Success Rate: 1.0
CRPs: 3251000
[0.497  0.9936 0.9936 0.9932 0.9873 0.992  0.9901 0.992  0.9933 0.5047
 0.9944 0.9917 0.992  0.9918 0.4983 0.9929 0.9924 0.9921 0.9919 0.992 ]
HPUF Median: 0.992
HPUF Mean: 0.9183150000000001
Success Rate: 0.85
CRPs: 3501000
[0.9937 0.9931 0.9929 0.9934 0.994  0.9916 0.993  0.9915 0.9927 0.9932
 0.9937 0.9931 0.9932 0.993  0.9944 0.9928 0.9928 0.9916 0.9945 0.9929]
HPUF Median: 0.99305
HPUF Mean: 0.9930549999999998
Success Rate: 1.0
CRPs: 3751000
[0.9942 0.9942 0.9939 0.9942 0.9937 0.9932 0.9929 0.9933 0.9932 0.9931
 0.9938 0.9919 0.9931 0.9938 0.993  0.9928 0.9931 0.9921 0.992  0.9924]
HPUF Median: 0.99315
HPUF Mean: 0.993195
Success Rate: 1.0
CRPs: 4001000
[0.9932 0.9944 0.9941 0.9946 0.9919 0.9941 0.9934 0.9943 0.9946 0.9939
 0.994  0.9939 0.9932 0.9939 0.9936 0.9944 0.9929 0.9941 0.9944 0.9928]
HPUF Median: 0.99395
HPUF Mean: 0.9937849999999999
Success Rate: 1.0
CRPs: 4251000
[0.9932 0.9939 0.9929 0.9948 0.9938 0.9945 0.9939 0.9921 0.9926 0.995
 0.9925 0.9918 0.9924 0.9931 0.9911 0.9931 0.9939 0.9935 0.9936 0.9931]
HPUF Median: 0.99315
HPUF Mean: 0.9932399999999999
Success Rate: 1.0
CRPs: 4501000
[0.9932 0.9938 0.9937 0.9941 0.9943 0.9944 0.9929 0.993  0.9948 0.9942
 0.9934 0.9935 0.9945 0.9915 0.9953 0.9951 0.9932 0.9934 0.9939 0.993 ]
HPUF Median: 0.99375
HPUF Mean: 0.99376
Success Rate: 1.0
CRPs: 4751000
[0.9926 0.9937 0.9941 0.9916 0.9925 0.9928 0.9913 0.9938 0.9936 0.9929
 0.9921 0.9944 0.9943 0.994  0.993  0.9931 0.9928 0.5055 0.9937 0.9922]
HPUF Median: 0.99295
HPUF Mean: 0.9687000000000001
Success Rate: 0.95
